0 0.1625 0.34765625 0.040625 0.04296875
0 0.1796875 0.4796875 0.0296875 0.03671875
0 0.07890625 0.4953125 0.01640625 0.0203125
0 0.38046875 0.5609375 0.01328125 0.02109375
0 0.37421875 0.34375 0.01796875 0.01875
0 0.35 0.18515625 0.01875 0.0265625
0 0.3296875 0.23125 0.01640625 0.0171875
0 0.52890625 0.18671875 0.06796875 0.0703125
0 0.54375 0.3296875 0.0109375 0.0203125
0 0.55234375 0.35078125 0.01015625 0.021875
0 0.590625 0.334375 0.0125 0.01328125
0 0.6375 0.29453125 0.021875 0.04921875
0 0.63515625 0.340625 0.03359375 0.0453125
0 0.50546875 0.48046875 0.01015625 0.01484375
0 0.44140625 0.24140625 0.00859375 0.0125
0 0.68125 0.296875 0.01640625 0.01640625
0 0.61640625 0.46875 0.015625 0.01875
0 0.5203125 0.37109375 0.02109375 0.02109375
0 0.53671875 0.41484375 0.01875 0.0265625
0 0.4625 0.22421875 0.0078125 0.0109375