0 0.42890625 0.41484375 0.0125 0.03515625
0 0.43203125 0.246875 0.02109375 0.03203125
0 0.85546875 0.690625 0.0390625 0.03984375
0 0.7765625 0.69453125 0.02734375 0.03359375
0 0.72421875 0.85625 0.02109375 0.03046875
0 0.27265625 0.790625 0.0203125 0.021875
0 0.690625 0.3875 0.01953125 0.03046875
0 0.54921875 0.62734375 0.0125 0.0171875
0 0.48984375 0.51484375 0.0125 0.0140625
0 0.1375 0.78125 0.021875 0.02109375
0 0.07421875 0.61875 0.0078125 0.01640625
0 0.103125 0.0265625 0.01015625 0.00703125
0 0.04921875 0.0515625 0.00859375 0.0109375
0 0.32421875 0.14609375 0.009375 0.01796875
0 0.27578125 0.278125 0.00625 0.01015625
0 0.89375 0.2421875 0.01171875 0.0078125
0 0.45859375 0.21953125 0.0109375 0.01015625
0 0.78984375 0.6109375 0.01328125 0.01875
0 0.9265625 0.76015625 0.0125 0.01875
0 0.928125 0.88515625 0.0109375 0.0171875
0 0.053125 0.79140625 0.0125 0.0078125
0 0.31328125 0.84375 0.01015625 0.01328125
0 0.3078125 0.7703125 0.00546875 0.0125