0 0.9035029908478883 0.6435332512765463 0.04627173793672483 0.04399543969514959
0 0.8727709972956228 0.5069190404059618 0.034750775374335775 0.0376818071815924
0 0.9751456580693508 0.48990828152716726 0.01908375332776515 0.02041249394987581
0 0.6571546855236662 0.424534308163551 0.016104618968362416 0.02195681323171659
0 0.6851176549493817 0.6487121515476927 0.020500387687167887 0.01885908430895533
0 0.7253606143918019 0.8118479558024188 0.02137558153075183 0.028234084308955687
0 0.7420054623535834 0.764068985954844 0.017375387687167888 0.018840903590796286
0 0.5409126815715032 0.8121393681738137 0.07545981946747667 0.07227497579950323
0 0.5115033785350562 0.6645740217646099 0.012833753327765152 0.020376132513557365
0 0.5000862595666937 0.6427535639190876 0.012979618968362416 0.021938632513557366
0 0.46255534879296556 0.659387072896078 0.013666925124778472 0.012572722872636888
0 0.4179832882687947 0.7010751240275462 0.026542700499114245 0.05012726502711473
0 0.41587813623057635 0.6534052384889268 0.03875096921791972 0.04707498789975162
0 0.5368334972956228 0.5088734676080796 0.010833656405973358 0.015679542154477664
0 0.6254323356897009 0.7545854225267357 0.010541925124778473 0.012554542154477665
0 0.3732332398078987 0.6989904492613153 0.017229522046570533 0.01727840359079611
0 0.42301080677980407 0.5204791090004315 0.017375387687167888 0.018840903590796286
0 0.53171082341863 0.6214643711988759 0.023917118968362416 0.02200226502711473
0 0.5102932198413076 0.5762518651487516 0.02137558153075183 0.028234084308955333
0 0.6051618577362714 0.7719001875538504 0.010396059484181208 0.010992042154477666