0 0.3491670781231113 0.03044089449502634 0.0402073595576681 0.044402183454860245
0 0.4657467632276505 0.22276689707126654 0.03996338051403932 0.027378908822462834
0 0.3404794204004345 0.10560276085485384 0.02039225367602615 0.017595704411231417
0 0.35782406874471173 0.15038270791403288 0.021954753676026152 0.01775992977883405
0 0.19280148674213068 0.7822542242678165 0.03338492977883405 0.0235970073520523
0 0.2860517336159975 0.8127371283144672 0.018665528308423517 0.01586897904362914
0 0.3364011891270149 0.9385653321758056 0.01726725367602615 0.017267253676025975
0 0.4872905008963425 0.7584111051585242 0.026970704411231415 0.021377605881641948
0 0.3715364343512027 0.8069118457801245 0.015376302940820884 0.013978028308423518
0 0.6277231937296024 0.659133832552474 0.01726725367602615 0.01726725367602633
0 0.08632660605486667 0.39297582702332534 0.011922852205615708 0.010524577573218341