0 0.47903765472520937 0.5422462172104558 0.04004814732681172 0.04571529172311397
0 0.4238180756589573 0.6705217034156459 0.03196263154179633 0.040618355947465365
0 0.8614813444983318 0.2063984119196745 0.021586573663405773 0.02293953301668674
0 0.6711084315276787 0.01889949118203108 0.01488154735504672 0.014799484396167767
0 0.6950233446395061 0.06623151458777943 0.01653505261671846 0.016443871551297517
0 0.3931037998447082 0.14317795341564593 0.020297089448421523 0.02754514586155703
0 0.0879220181335028 0.29865882801916116 0.026547089448421435 0.027872694482076098
0 0.059751515502666865 0.2993515468114967 0.030036110495108837 0.034286468792335524
0 0.10095409719975487 0.1725942950024744 0.016626057878390332 0.018006371551297518
0 0.8305946365211193 0.29500056648765877 0.02829159997176518 0.031079581637205856
0 0.051197020905513056 0.1524765468114967 0.016626057878390332 0.018006371551297518
0 0.21771707800744453 0.9798878165992004 0.014790542093374803 0.013236984396167628