0 0.7183858953708327 0.5129186054658348 0.032705492142117265 0.03398402073518518
0 0.9621380494236087 0.45813619476815004 0.027983758891340214 0.06624971658814811
0 0.9492185184063621 0.4849427025438445 0.03521406203449331 0.05443322177194432
0 0.5155347613770488 0.792096131950464 0.10167812406898662 0.11160046427907382
0 0.2946251019475893 0.7740760296886581 0.014863020678164496 0.018417809330833278
0 0.3212881476471443 0.9032365579167136 0.014571922249741043 0.012167809330833279
0 0.5108600698968854 0.8757582324688438 0.04302656203449331 0.0551167269557407
0 0.7618021790741665 0.048504790951205176 0.013737168320799497 0.027656108294074045
0 0.8157959346602471 0.6600096360029646 0.019841619106588125 0.025077912441111037
0 0.9022727820552131 0.7411434758709277 0.027654119106588125 0.025761417624907423
0 0.9266307349079159 0.5522764655033352 0.01806079528527036 0.020253711404351903
0 0.7431012591007372 0.4166102419879644 0.013518844499482086 0.022968608294074145
0 0.7141971631535131 0.38568216220477 0.011592471463952769 0.015019407257314831
0 0.8236599003332316 0.4243455380764831 0.014644696856846906 0.013730309330833279
0 0.9416650376367844 0.4132433598011593 0.008467471463952592 0.014746005183796384
0 0.9566607990093239 0.30844855306222413 0.011665246071058632 0.016581907257314833
0 0.007256881412395391 0.8996001673420835 0.014513762824790782 0.01685530933083328