0 0.34609375 0.653125 0.04609375 0.075
0 0.48671875 0.52421875 0.0234375 0.053125
0 0.9 0.43671875 0.02890625 0.04140625
0 0.890625 0.68828125 0.0296875 0.03515625
0 0.10703125 0.06953125 0.04140625 0.05546875
0 0.503125 0.45 0.01640625 0.0234375
0 0.37890625 0.440625 0.009375 0.01640625
0 0.37421875 0.48359375 0.0140625 0.02109375
0 0.39453125 0.6921875 0.021875 0.021875
0 0.925 0.40546875 0.01796875 0.01640625
0 0.4390625 0.66875 0.009375 0.0140625
0 0.30859375 0.73203125 0.01171875 0.0109375
0 0.06640625 0.3390625 0.0109375 0.015625
0 0.2609375 0.2484375 0.009375 0.01171875
0 0.35859375 0.4453125 0.01015625 0.01015625
0 0.59453125 0.70078125 0.01171875 0.009375
0 0.34453125 0.1671875 0.01484375 0.02109375