0 0.55234375 0.1828125 0.0140625 0.01171875
0 0.4078125 0.1515625 0.01015625 0.0125
0 0.6125 0.04375 0.01796875 0.0234375
0 0.48125 0.078125 0.00859375 0.01171875
0 0.8171875 0.83359375 0.01953125 0.01640625
0 0.4671875 0.9546875 0.02109375 0.0359375
0 0.01640625 0.853125 0.01171875 0.01640625
0 0.0203125 0.8671875 0.01640625 0.02265625
0 0.1515625 0.7015625 0.0109375 0.01328125
0 0.08125 0.71015625 0.00859375 0.0109375
0 0.10859375 0.8578125 0.0109375 0.009375
0 0.25859375 0.9328125 0.0078125 0.0171875
0 0.58984375 0.71875 0.02421875 0.02578125
0 0.34609375 0.7625 0.015625 0.02265625
0 0.02109375 0.6484375 0.0109375 0.01171875
0 0.03828125 0.59609375 0.0125 0.01953125
0 0.284375 0.63984375 0.0171875 0.01640625
0 0.3265625 0.59296875 0.01015625 0.01640625
0 0.6515625 0.03046875 0.00390625 0.021875