0 0.125 0.62421875 0.0296875 0.03984375
0 0.05546875 0.975 0.0171875 0.03515625
0 0.04921875 0.6015625 0.02734375 0.03515625
0 0.26953125 0.3875 0.0109375 0.0265625
0 0.13359375 0.24453125 0.0234375 0.03515625
0 0.125 0.30625 0.0296875 0.03203125
0 0.83125 0.73515625 0.0328125 0.01875
0 0.94921875 0.5984375 0.01484375 0.01484375
0 0.40078125 0.60703125 0.00859375 0.0125
0 0.19296875 0.3578125 0.015625 0.01171875
0 0.2140625 0.37734375 0.0125 0.01640625
0 0.4890625 0.1109375 0.03046875 0.0375
0 0.4125 0.05 0.01796875 0.01796875
0 0.33125 0.03359375 0.0109375 0.01640625
0 0.06875 0.22578125 0.01171875 0.01640625
0 0.09921875 0.621875 0.015625 0.0203125