0 0.5890625 0.67265625 0.0375 0.05
0 0.22109375 0.59296875 0.0171875 0.0265625
0 0.31875 0.24375 0.01953125 0.0265625
0 0.49375 0.28046875 0.01640625 0.0265625
0 0.5484375 0.41875 0.00859375 0.015625
0 0.5546875 0.3640625 0.015625 0.02109375
0 0.60703125 0.52265625 0.01328125 0.02109375
0 0.3890625 0.5390625 0.01484375 0.01875
0 0.60703125 0.18671875 0.009375 0.0296875
0 0.5703125 0.26953125 0.0125 0.0171875
0 0.503125 0.13359375 0.009375 0.015625
0 0.00703125 0.42265625 0.01328125 0.0328125
0 0.00703125 0.6078125 0.00859375 0.0125
0 0.2109375 0.67109375 0.009375 0.01640625
0 0.165625 0.8765625 0.02109375 0.0234375
0 0.5 0.5390625 0.01328125 0.0140625
0 0.54609375 0.0390625 0.0125 0.01484375
0 0.41015625 0.01796875 0.009375 0.009375
0 0.434375 0.2 0.01015625 0.0140625
0 0.84375 0.0203125 0.01171875 0.0234375
0 0.48984375 0.4 0.01015625 0.021875
0 0.221875 0.55390625 0.0140625 0.01171875
0 0.29296875 0.64296875 0.01875 0.02265625