0 0.20714026792174128 0.5260272105759969 0.016626057878390377 0.017278403590796288
0 0.22120901514973101 0.6737152768327755 0.014790542093374803 0.01258181323171641
0 0.056419931104155774 0.49937783128389335 0.027927578925077735 0.023592036104353474
0 0.12827108625288813 0.6200675811856975 0.014790542093374803 0.01258181323171641
0 0.7538901104245216 0.11138098681959707 0.021586573663405773 0.02199317466803503
0 0.9752161627588916 0.4250627334999474 0.04235409997176518 0.029923849336070063
0 0.8264264071442838 0.7936031343602691 0.01488154735504672 0.01414431323171641
0 0.8568566307653374 0.8601639204646225 0.013228042093374626 0.012572722872636888
0 0.9899351702984636 0.7984593268840892 0.013228042093374626 0.012572722872636888
0 0.7122009522920175 0.3610537338927308 0.03307010523343692 0.0314318071815924
0 0.8270047178652715 0.588988357232906 0.026183068401734032 0.020457945745273952
0 0.8150856306947503 0.9341145048717738 0.014881547355046366 0.01414431323171641
0 0.7601251149097347 0.9291088423039872 0.022876057878390376 0.01731476502711473
0 0.7275500204114028 0.6782230531745717 0.021586573663405773 0.02199317466803503
0 0.6703521704396378 0.6482128454272452 0.01956904735504672 0.014171584308955331
0 0.034886565347375095 0.46488920179539817 0.01608002630835924 0.007903403590796287