0 0.6149507788390555 0.1390400971979588 0.040964961443336986 0.03105159255827141
0 0.6363530143410859 0.24086549202581567 0.04302810919158375 0.03891865626060227
0 0.12984579117755654 0.09568946751586238 0.09815570018457014 0.07202382213985134
0 0.22311013957179862 0.34142606425048505 0.033352720542635696 0.03390377404661713
0 0.4650635094038405 0.5248114500078491 0.018689443244739933 0.02403770072563951
0 0.39747549120524317 0.5209076892080761 0.022114831893687813 0.028834328130301047
0 0.39174472778700786 0.602539635124392 0.015564443244739845 0.02392857332097762
0 0.11404482263750562 0.3867336189671412 0.028164572794389154 0.02592758293962456
0 0.12864634561646487 0.4801835186043215 0.016626295496493214 0.016170637023308565
0 0.4169335834348473 0.16474696924514293 0.015364184145441228 0.02080357332097771
0 0.5572057348837217 0.27651530454702017 0.026802331893687813 0.028998019237293705
0 0.5956278847914367 0.2407216482864179 0.023076554595791877 0.01951389183263199