0 0.34620581684595386 0.37548377716673587 0.059756795081343926 0.06700696846486114
0 0.7381665787498106 0.27106119557600633 0.0298783975406721 0.03350348423243057
0 0.807037735954844 0.651437720177291 0.03144998789975162 0.03510235182361114
0 0.6208320703619952 0.7018592135277772 0.028315897540672097 0.03346711664125017
0 0.5034905551384888 0.5967924666619093 0.015734084308955332 0.019113675911805572
0 0.5226945522116226 0.6525878717721524 0.025154536104353475 0.027144381458888846
0 0.3992212116561514 0.5273540952710066 0.023592036104353474 0.027108013867708357
0 0.6014745789462023 0.40391267600871483 0.022011355386194253 0.023946646276527872
0 0.5543707573266705 0.8471366523573607 0.0220658975406721 0.03332164627652787
0 0.5518093595896068 0.7503343875397217 0.01887726502711473 0.022311411094166546
0 0.6793480314289714 0.8481334950629161 0.015734084308955332 0.019113675911805572
0 0.7120767774219506 0.19042944462607578 0.015743174668035032 0.020676175911805574
0 0.4941342567374953 0.45952885600458293 0.020430674668035033 0.020785278685347207
0 0.7150724288714475 0.7496589742613535 0.01729658430895533 0.019150043502986235
0 0.5683888472929667 0.5859082116279162 0.02046703610435365 0.02703527868534721
0 0.7559171601318997 0.30814296827742993 0.01885908430895533 0.019186411094166723
0 0.6460654371610669 0.2583631334556592 0.029869307181592218 0.031940984232430567