0 0.6996600544788164 0.3239699576597367 0.06352690445914604 0.0638741684661949
0 0.6811396474217805 0.2837476993613669 0.025076409654926125 0.025213487552445367
0 0.7063417432147361 0.29597501222384004 0.018170845792955602 0.015364890871793246
0 0.6787405391435777 0.5077655398182417 0.01871714901126431 0.023177390871793335
0 0.6101597839477976 0.5490902020606592 0.07479218639013112 0.06939046265733602
0 0.4932229282674848 0.7637232323543532 0.03020095222957302 0.031818685062934546
0 0.6846398859449394 0.8167620315198718 0.026638909654926123 0.02533188672260849
0 0.11864889918649124 0.8431570815338052 0.04081067029858776 0.027959979254075763
0 0.3848705708224613 0.46091938629840107 0.018170845792955602 0.015364890871793335
0 0.8159731053513365 0.4149007657483249 0.025076409654926125 0.025213487552445457
0 0.6643105964723857 0.9416086661678879 0.020061127723940864 0.020170790041956366
0 0.10110149422314223 0.6371438798741311 0.018170845792955602 0.015364890871793335
0 0.2264514194654085 0.5428233495804371 0.0186078883676025 0.021614890871793337
0 0.6817998371661063 0.5515155398182416 0.02831067029858776 0.02701278589277134