0 0.2419268870637799 0.5234028167823738 0.052667603577322274 0.047003974772256464
0 0.29384172837003125 0.6137847693221117 0.04085490973373833 0.037247028855940556
0 0.06191795653125668 0.44500745435383654 0.03518837229612768 0.04327877404661713
0 0.010281814164135036 0.46123016587924914 0.02056362832827007 0.020967264427970277
0 0.3937142431366737 0.2324281311176768 0.03914654409314107 0.0356299651536097
0 0.2910811849002781 0.11440976269868974 0.032458947171349097 0.030724210344286275
0 0.5801079280369518 0.3431821257601992 0.029333947171349094 0.03061508293962456
0 0.024394418677549094 0.6636929669677082 0.04878883735509819 0.04269842068857255
0 0.01815431842799195 0.734322925497896 0.0363086368559839 0.08526786660488846
0 0.14856498523335757 0.390032266875041 0.039000678452543756 0.03406746515360979
0 0.16113549500885713 0.5072569724100038 0.022354618968362504 0.022584328130301045
0 0.7326880605251807 0.9966220785316052 0.02479231281194636 0.006755842936789591
0 0.4744080567808139 0.4343304262156861 0.01595875332776515 0.02080357332097762
0 0.5961432487522142 0.14622528020670292 0.025917215890154565 0.027380955534962847
0 0.643050371048342 0.10553828202080144 0.01708365640597318 0.016170637023308565
0 0.13040976663983567 0.8447842542611692 0.022354618968362504 0.022584328130301045
0 0.32702373856112277 0.3758854652384277 0.017229522046570533 0.017733137023308566