0 0.45859375 0.2296875 0.0171875 0.028125
0 0.3453125 0.28203125 0.0171875 0.02109375
0 0.671875 0.02890625 0.02265625 0.03046875
0 0.85390625 0.08046875 0.02265625 0.0203125
0 0.75078125 0.14609375 0.046875 0.0859375
0 0.4328125 0.0578125 0.015625 0.01015625
0 0.38671875 0.0796875 0.0140625 0.015625
0 0.38671875 0.03828125 0.01484375 0.02578125
0 0.69296875 0.0296875 0.00703125 0.01328125
0 0.87109375 0.05390625 0.01640625 0.0171875
0 0.8359375 0.16796875 0.0078125 0.01640625
0 0.07734375 0.18828125 0.02109375 0.025