0 0.46875 0.1953125 0.04609375 0.0671875
0 0.484375 0.478125 0.04140625 0.04140625
0 0.278125 0.65546875 0.02109375 0.03203125
0 0.23203125 0.63359375 0.0234375 0.028125
0 0.22421875 0.821875 0.03125 0.03828125
0 0.75 0.578125 0.0328125 0.03828125
0 0.79765625 0.63984375 0.025 0.03203125
0 0.290625 0.5609375 0.0234375 0.01953125
0 0.5375 0.23984375 0.009375 0.01484375
0 0.5609375 0.21875 0.01640625 0.01328125
0 0.89140625 0.06640625 0.0171875 0.01953125
0 0.6625 0.38359375 0.0171875 0.0171875
0 0.8 0.5359375 0.015625 0.01796875
0 0.85546875 0.84609375 0.0140625 0.0203125
0 0.75390625 0.675 0.0171875 0.0140625
0 0.05078125 0.8046875 0.01484375 0.0171875
0 0.01171875 0.690625 0.015625 0.01640625
0 0.14921875 0.7171875 0.01484375 0.01484375