0 0.847750 0.769347 0.065000 0.080053
0 0.651500 0.479987 0.022500 0.028352
0 0.675875 0.486658 0.028750 0.028352
0 0.433375 0.307371 0.026250 0.026684
0 0.700720 0.064028 0.023370 0.023204
0 0.478166 0.155393 0.008696 0.017403
0 0.448274 0.207602 0.014130 0.024654
0 0.445014 0.176422 0.015217 0.014502
0 0.227500 0.030661 0.018269 0.013471
0 0.263317 0.156707 0.011058 0.019244
0 0.236394 0.195515 0.006250 0.010905
0 0.318365 0.124314 0.013462 0.017319
0 0.923750 0.637036 0.010577 0.017319
0 0.397085 0.532792 0.016827 0.033997