0 0.8155024425923216 0.45159283978939335 0.015824994668999892 0.019013800574346006
0 0.798940556572277 0.6009840753350222 0.014207950668363445 0.014143670516911655
0 0.967246755927776 0.4182527242182358 0.028415901336727244 0.028287341033822955
0 0.8924638372454131 0.5424613369176626 0.014207950668363622 0.014143670516911655
0 0.2809676419875915 0.058441524633052265 0.020585220003181703 0.025811690746649973
0 0.05251318861395697 0.3816152529036366 0.04098862667090888 0.035998381493299904
0 0.0072049602761162694 0.8498275144543712 0.014409920552232539 0.01937906068921542
0 0.0021950152769116865 0.8413656647415444 0.004390030553823373 0.0235186705169113
0 0.19261728389564117 0.7451907225909349 0.015788632001908987 0.015888800574346006
0 0.1613940085535052 0.8135957587109097 0.014207950668363533 0.014143670516911299
0 0.030199099896595666 0.7571529985641346 0.012663632001909009 0.015523540459476948
0 0.007905488960070019 0.5929788945118057 0.015810977920140037 0.014691560689215422
0 0.3163035159532294 0.3070920882259042 0.03317612667090888 0.0350852312061269
0 0.1965524479233217 0.5411018425335004 0.02525453866963625 0.024797080918953895
0 0.20111903254300573 0.8861911272176097 0.015788632001908987 0.015888800574346364
0 0.2558156232097784 0.8790178252073984 0.02207499466899989 0.019744320804084482
0 0.29386270524350416 0.6264711489151196 0.020585220003181703 0.025811690746649952
0 0.351975197247004 0.5939325867900389 0.02049431333545453 0.017999190746649952
0 0.9871507232654576 0.3839385985003031 0.01417158800127254 0.011018670516911477