0 0.7194740669708957 0.7722560186643911 0.06720972254568487 0.06825116801906325
0 0.16058979721210048 0.8178790211033184 0.06023039434269819 0.060329573863261744
0 0.3962478887261478 0.9109098210205928 0.04500096921791963 0.0475841120127086
0 0.4159559151404732 0.8964342637964224 0.04529270049911425 0.05070911201270896
0 0.10928569467476787 0.7194863855516592 0.022354618968362504 0.0222295560063543
0 0.07194146006580807 0.6954352309252766 0.016979812811946427 0.031495461850553144
0 0.12864643344368662 0.5341898137169923 0.025479618968362504 0.022284103084255234
0 0.16424412250392367 0.2220404155834313 0.022208753327765153 0.02066705600635439
0 0.4383232720465705 0.024810454136620023 0.020937984608959858 0.02376478246740408
0 0.6249195904740577 0.1520838404990581 0.03260481281194636 0.03176819724005649
0 0.9959762683027085 0.25391471630818935 0.008047463394582977 0.027053423701106104
0 0.9940898109397629 0.6562624204481047 0.011820378120474118 0.02694432954530477
0 0.8128680910974456 0.6865287986961632 0.017375387687167888 0.019022735389503432
0 0.7735546703404219 0.6413838940697806 0.027333850249557125 0.02543637662320535
0 0.4580383600240469 0.8542700831954575 0.013812790765375916 0.014280688311602674
0 0.4653108386018741 0.43086953936396766 0.025771350249557123 0.025409103084255057
0 0.49667579346874324 0.44935648660402416 0.01908375332776515 0.020612508928453722
0 0.2866492441756536 0.6726637528393737 0.023917118968362506 0.02225682954530477
0 0.3517934136848916 0.5934632224005646 0.025479618968362417 0.022284103084255057
0 0.4345663146831201 0.6947450787312306 0.015375290765375915 0.014307961850553141
0 0.4110249710890933 0.7099337021080252 0.01239615640597318 0.015815914772652383
0 0.7779924611057978 0.6555009411476812 0.02064625332776515 0.020639782467404187
0 0.7454828036598349 0.6915923997518234 0.01908375332776515 0.020612508928453722
0 0.8204333049076205 0.8176969780793122 0.01566702204657062 0.017432961850553142
0 0.8198177200491037 0.769327661926688 0.01908375332776515 0.020612508928453722
0 0.7625676715882076 0.7659884277550006 0.01908375332776515 0.020612508928453722
0 0.7404775076945104 0.9387577260507174 0.013812790765375737 0.014280688311602674
0 0.27385993593925806 0.7863171497551187 0.012250290765375916 0.014253414772652384
0 0.45016666909263614 0.5109428230491877 0.015375290765375915 0.014307961850553141
0 0.22370922420906253 0.5498887260540126 0.015375290765375915 0.014307961850553141