0 0.3625 0.721875 0.0453125 0.06171875
0 0.41171875 0.75234375 0.03515625 0.0234375
0 0.49140625 0.59375 0.025 0.03203125
0 0.50703125 0.52421875 0.01875 0.01328125
0 0.38984375 0.51328125 0.01640625 0.021875
0 0.3875 0.5578125 0.0171875 0.0203125
0 0.1328125 0.3078125 0.0203125 0.0265625
0 0.0046875 0.16171875 0.009375 0.04140625
0 0.75625 0.7296875 0.021875 0.01953125
0 0.23984375 0.6265625 0.0125 0.02734375
0 0.05390625 0.603125 0.0078125 0.01484375
0 0.05 0.73359375 0.0109375 0.01015625
0 0.9 0.15625 0.02890625 0.040625
0 0.97890625 0.25546875 0.03671875 0.0359375