0 0.84765625 0.76953125 0.06484375 0.08046875
0 0.6515625 0.48046875 0.02265625 0.028125
0 0.67578125 0.48671875 0.02890625 0.028125
0 0.43359375 0.3078125 0.02578125 0.0265625
0 0.70078125 0.0640625 0.0234375 0.0234375
0 0.478125 0.15546875 0.00859375 0.0171875
0 0.4484375 0.2078125 0.0140625 0.025
0 0.4453125 0.1765625 0.015625 0.01484375
0 0.22734375 0.03046875 0.01796875 0.01328125
0 0.26328125 0.15703125 0.0109375 0.01953125
0 0.23671875 0.1953125 0.00625 0.0109375
0 0.31875 0.12421875 0.01328125 0.0171875
0 0.9234375 0.63671875 0.0109375 0.0171875
0 0.396875 0.5328125 0.01640625 0.034375