0 0.6040972891923776 0.43943865311152824 0.08693949400955017 0.08180967105719698
0 0.3129886503549705 0.40952734099266613 0.056324411069925695 0.05230140716670171
0 0.5499752735832809 0.5059576004829929 0.01935020072563951 0.019047982457155044
0 0.5689261702252364 0.5322996381282195 0.017842264427970277 0.020455442252391976
0 0.3749058409138089 0.6111321838259643 0.022584328130301135 0.02248306286668065
0 0.15627489200226802 0.6586965825951528 0.0325049651536097 0.03903830409525817
0 0.09616577122102825 0.7109144206832877 0.02409226442797028 0.021075603071443537
0 0.08562757530471225 0.7009846820142466 0.030724210344286275 0.032633263890495104
0 0.21261410580511533 0.11687965276653327 0.024146828130301133 0.02263810307144363
0 0.2731820727728235 0.1900494151903057 0.02609127404661713 0.03373064327620652
0 0.1835094483633867 0.15896543675941 0.019295637023308564 0.017485482457154866
0 0.14459573738612827 0.010207666297576426 0.022529764427970278 0.020415332595152852
0 0.8330258095259797 0.0357199213732775 0.024201391832632167 0.024200603071443616
0 0.19235129045832194 0.7264569681927503 0.027435519237293704 0.02763568348096932
0 0.14792418946253005 0.5991604934142045 0.016334328130301133 0.021862902047629085
0 0.06577637757429773 0.64886139436902 0.01940476442797028 0.020610482457154865
0 0.656513027296296 0.9077477284019814 0.017842264427970277 0.020455442252391976