0 0.7579193986314562 0.21505543756580953 0.05708634134309047 0.07515118942018653
0 0.49285747262891083 0.24923082941918792 0.026944308004454243 0.034359589448421435
0 0.3419569492759572 0.40245308190884954 0.02845226400381797 0.029763094710093262
0 0.5101689579090042 0.6401442557557819 0.025399989337999786 0.03583108418674961
0 0.7844780672342773 0.6835023297015367 0.03968066534054504 0.05540013154179633
0 0.5266302992520947 0.5673592031390635 0.022202264003817973 0.029399073663405773
0 0.5569274212683212 0.4461443557981344 0.020567038669636162 0.023058068401734032
0 0.3881865119350939 0.45519167405869404 0.03799089600572696 0.04437162628012441
0 0.961677461250822 0.5513892377634535 0.022111357336090976 0.021586573663405773
0 0.9247132632479584 0.574621611412742 0.011137494668999891 0.017824536831702886
0 0.4149548132161417 0.8385278188252571 0.01268181333545435 0.016353042093374626
0 0.9605813219685014 0.17592650617930505 0.022184082670272432 0.027836573663405906
0 0.20409277526259414 0.5088535423051364 0.014262494668999893 0.01800654735504672
0 0.3597267992918655 0.2843100266612951 0.060211341343090474 0.07533319994353027