0 0.375 0.79375 0.0703125 0.07890625
0 0.48671875 0.878125 0.0296875 0.03515625
0 0.48359375 0.92890625 0.04765625 0.0515625
0 0.05390625 0.2140625 0.03515625 0.046875
0 0.50234375 0.25234375 0.01640625 0.0203125
0 0.36015625 0.26796875 0.01171875 0.0171875
0 0.40390625 0.36328125 0.01875 0.01875
0 0.21015625 0.79375 0.021875 0.01875
0 0.02421875 0.95078125 0.0375 0.034375
0 0.2328125 0.93125 0.01796875 0.015625
0 0.40390625 0.9328125 0.0140625 0.01171875
0 0.3984375 0.91796875 0.01484375 0.0140625
0 0.56484375 0.79375 0.01171875 0.01484375
0 0.2515625 0.48046875 0.00703125 0.015625
0 0.97578125 0.365625 0.0203125 0.01875
0 0.90390625 0.38046875 0.01328125 0.0171875
0 0.90625 0.39453125 0.021875 0.0109375
0 0.87578125 0.4578125 0.01796875 0.021875
0 0.9515625 0.2234375 0.01484375 0.0140625
0 0.275 0.7359375 0.009375 0.01015625