0 0.9493000455884566 0.531250625378371 0.02869882697140156 0.04691457279438911
0 0.7666470422544768 0.5368230976190497 0.017538186364518003 0.024438795496493172
0 0.6353970422544768 0.5284122154485067 0.017538186364518003 0.024438795496493172
0 0.73131519119631 0.4693759793281673 0.014540732122152632 0.025801036397194464
0 0.2165993737678062 0.550265320016612 0.017283094849248927 0.02131379549649317
0 0.21798627270963938 0.4851712461424887 0.010650457576345395 0.016225777297895937
0 0.08882480225641645 0.44155404919712105 0.01077800333397989 0.01778827729789594
0 0.09368712968685992 0.2761595866740498 0.02028054909161443 0.019951554595791877
0 0.2397968551410527 0.29494676434108597 0.024425915152690703 0.032651813695090494
0 0.1850301225598582 0.4367244517257296 0.010140274545807237 0.009975777297895939
0 0.2801351995312597 0.3972695303802149 0.006760183030538158 0.006650518198597322
0 0.8558522898385806 0.31950399212809383 0.017028003333980024 0.01818879549649317
0 0.32900287635288006 0.3085167134459219 0.010395366061076317 0.013100777297895938