0 0.34375 0.19296875 0.03359375 0.021875
0 0.3515625 0.2921875 0.0328125 0.03046875
0 0.78046875 0.0296875 0.0796875 0.05859375
0 0.76171875 0.28203125 0.025 0.0265625
0 0.58828125 0.5109375 0.01328125 0.0203125
0 0.64921875 0.490625 0.01484375 0.025
0 0.67734375 0.56328125 0.009375 0.02109375
0 0.875 0.296875 0.02109375 0.01953125
0 0.88671875 0.38671875 0.01171875 0.0109375
0 0.53359375 0.16796875 0.009375 0.01796875
0 0.434375 0.30546875 0.01953125 0.02265625
0 0.3890625 0.28203125 0.01875 0.01484375