0 0.3582303581754955 0.2493423462564448 0.05159167490485981 0.042851273445216796
0 0.3903279337649273 0.28351551409793985 0.023883168973360736 0.012713487552445368
0 0.48419068030488627 0.2927586143030768 0.014508168973360824 0.012003092531467275
0 0.4962251066926207 0.24589526969701722 0.024137836958138335 0.018963487552445278
0 0.09206282460084862 0.034302299790218566 0.04202567391627663 0.037453378424238626
0 0.1110529051331963 0.04610356016318076 0.04170733893530465 0.029640878424238626
0 0.17334731669218323 0.06552714377157828 0.016134335969555113 0.013683991701630238
0 0.010259079030882388 0.4387898128624731 0.020518158061764775 0.011506185062934372
0 0.2670231545645426 0.8248052101585364 0.024201503954332716 0.020525987552445456
0 0.05032372178819848 0.523459888172501 0.011383168973360735 0.011766294191141214
0 0.17258338235860224 0.5430126037296221 0.019195668973360735 0.012358290041956366
0 0.3700074579852151 0.1705661508205482 0.00975700197716627 0.010085395020978138
0 0.4475156926621759 0.23712484355715246 0.023946835969555026 0.014275987552445368
0 0.41841844167359277 0.24400272820516838 0.01151050296574958 0.014891294191141213
0 0.5686439347535105 0.26533050869935504 0.019386669961943957 0.017045790041956367
0 0.5410389050960152 0.4076130970816374 0.019450336958138338 0.018608290041956365
0 0.6069703112177948 0.45246273317954594 0.014508168973360824 0.012003092531467275
0 0.3054913828528938 0.530604924265765 0.02088550296574958 0.015601689212119397
0 0.3086707795831331 0.6246033780000314 0.017887836958138337 0.018489890871793334
0 0.3855197810660079 0.6117705686620433 0.02088550296574949 0.015601689212119397
0 0.3456468561611481 0.6537338483310373 0.021012836958138336 0.018726689212119396
0 0.271872480648266 0.8587066134778842 0.023946835969555113 0.014275987552445458
0 0.3731775844494993 0.360362356629407 0.017760502965749582 0.015364890871793335
0 0.22923794756791072 0.6243917356783456 0.017633168973360737 0.012239890871793335