0 0.4043858501835267 0.18571398863920957 0.08634629465362345 0.08891822402541764
0 0.5304470922204316 0.11171165260108304 0.03812162628012441 0.03812729139585782
0 0.5373110132247667 0.060862218753707197 0.05814569994353036 0.0603295738632619
0 0.0004128042850722992 0.7347607836852201 0.0008256085701445984 0.05068183847375849
0 0.4327434665050047 0.7440253206201464 0.02002407366340577 0.02220228246740419
0 0.2940750796309494 0.7128861891256768 0.015154563140062204 0.01899546185055314
0 0.3548221348079167 0.6212929784929399 0.021495568401734035 0.020667056006354302
0 0.23994391858526068 0.16829248376794562 0.024711573663405862 0.022284103084255102
0 0.08171273158414853 0.004936915990468371 0.04282453683170293 0.009873831980936741
0 0.2876596237198756 0.032440758524711934 0.021313557878390378 0.017542056006354424
0 0.4591783079489774 0.04895828247069937 0.01644404735504672 0.014335235389503409
0 0.4497655105939309 0.06317078693492624 0.018188557878390375 0.017487508928453743
0 0.5936457712584489 0.2058241168872681 0.015063557878390376 0.017432961850553052
0 0.2251940899425316 0.4885367999205698 0.008722552616718459 0.015761367694751626
0 0.9250821559251913 0.6792387029286899 0.023058068401734032 0.020694329545304768
0 0.8561802374811048 0.6562472621814551 0.015154563140062294 0.01899546185055314
0 0.8608145295744798 0.6436790783340793 0.024256547355046364 0.014471603084255057
0 0.842117008457205 0.5761057946488592 0.023240078925077512 0.023819329545304767
0 0.8747496850055608 0.8198188384803491 0.018188557878390556 0.017487508928453722
0 0.2938886949642071 0.23368961282678305 0.011574536831702975 0.011128414772652384