0 0.41070784403114124 0.4625 0.0421840918667586 0.028125
0 0.2655585414017926 0.5484375 0.04461370071863602 0.0359375
0 0.9075513187986584 0.72265625 0.0624931837335172 0.05625
0 0.8632028629354476 0.646875 0.04825896602976236 0.040625
0 0.9732010277646583 0.51875 0.04305120071863584 0.0359375
0 0.6465119678263523 0.13046875 0.032982513637134045 0.0296875
0 0.5430552643727197 0.71875 0.04131527894826057 0.034375
0 0.6683460702274555 0.46796875 0.02412948301488136 0.0203125
0 0.5349257419978309 0.46953125 0.022393561244505734 0.01875
0 0.5567694132778161 0.01171875 0.032288826555632255 0.0234375
0 0.3768192245223218 0.03046875 0.020484217703754748 0.015625
0 0.11296062297940182 0.496875 0.022220139474130242 0.0171875
0 0.1992585990531184 0.3875 0.013713952392628358 0.0109375
0 0.5377284109106121 0.98046875 0.014060795933379212 0.0140625
0 0.257220663890804 0.5859375 0.01735921770375475 0.015625
0 0.7980054531282139 0.7 0.02586540478525663 0.021875
0 0.9990868813493636 0.75390625 0.0018262373012728262 0.0203125
0 0.7165626311041684 0.1421875 0.018921717703754837 0.015625
0 0.6497185665116779 0.1734375 0.015276452392628315 0.0109375