0 0.4733157603583343 0.5809305327075676 0.011483069279472246 0.019899577573218252
0 0.46873356043747655 0.6108244939209583 0.04221624373179385 0.0589573595576681
0 0.36689592728880854 0.6709972569753841 0.014562605172849529 0.018665528308423517
0 0.5399373075344827 0.4882385615658841 0.01943196159934022 0.025408204411231417
0 0.5569345909205776 0.5102754279257116 0.014653533386094963 0.02179052830842352
0 0.9381812085633324 0.9249780900475324 0.023983069279471893 0.021213380514039315
0 0.9204625111497571 0.9316832483201022 0.024073997492717325 0.024338380514039314
0 0.7271695007249158 0.8467218907887814 0.014562605172849529 0.018665528308423517
0 0.6469340829365118 0.8998188089896437 0.016216033386094963 0.021954753676025972
0 0.7299067411580044 0.6195822429943971 0.014471676959604097 0.015540528308423517
0 0.9416505717202476 0.5623936183559559 0.019386497492717324 0.023845704411231593
0 0.967279742873864 0.3189673510756109 0.019568353919208192 0.030095704411231418
0 0.9579026751772375 0.9068005198263664 0.016352425705962757 0.02664225367602633
0 0.5176724802709447 0.8472898288462289 0.016216033386094963 0.021954753676025972
0 0.504331394298425 0.8170697759054081 0.017733069279472248 0.020556479043628784
0 0.6073942098169736 0.8793069247995785 0.011346676959604096 0.015212077573218607
0 0.6547345595795467 0.7931558865628622 0.023983069279472247 0.021213380514039315
0 0.2206346927282147 0.6766538224207379 0.022511497492717504 0.02417415514643668
0 0.4036901997878437 0.9451291762760325 0.014608069279472247 0.020228028308423518
0 0.4180542281593736 0.993843681428513 0.034040030878812286 0.012312637142974125
0 0.5701857825281651 0.24296122038834694 0.01943196159934022 0.025408204411231417