0 0.3 0.04140625 0.04375 0.07578125
0 0.54375 0.37265625 0.015625 0.0265625
0 0.55390625 0.28515625 0.015625 0.02265625
0 0.30859375 0.23046875 0.02421875 0.01953125
0 0.26953125 0.359375 0.01640625 0.0171875
0 0.240625 0.4328125 0.01328125 0.01640625
0 0.103125 0.353125 0.01953125 0.01875
0 0.12578125 0.56796875 0.01171875 0.0234375
0 0.4140625 0.7546875 0.0171875 0.01953125
0 0.05 0.52890625 0.0171875 0.0171875
0 0.5078125 0.07109375 0.01875 0.0203125
0 0.96640625 0.0890625 0.015625 0.01328125
0 0.72578125 0.38671875 0.03203125 0.03359375