0 0.6977107940006363 0.0006876066200021465 0.02042158800127254 0.001375213240004293
0 0.3769539460136812 0.09640863928232053 0.026835220003181705 0.023746582670272565
0 0.3807822114099056 0.5597080706158659 0.044240896005727046 0.0426965773392725
0 0.4399026727402694 0.537142179941139 0.028506808004454244 0.033139764003817976
0 0.7775497654359953 0.7473047838956411 0.031577264003817974 0.028488626670909057
0 0.7530770241088132 0.7929081852323683 0.026853401336727246 0.02530908267027261
0 0.5271428748010393 0.9838439099300033 0.050236357336090796 0.020894302673454136
0 0.41115424813013035 0.9539393286123662 0.04100680800445442 0.03328521467218124
0 0.5276861254375861 0.7619325472629124 0.012663632001908986 0.014207950668363622
0 0.8351799047580867 0.663810483887687 0.012663632001909165 0.014207950668363622
0 0.8068361814130872 0.5781911572247322 0.017387494668999894 0.017387494668999894
0 0.2994214813812705 0.3496887279599109 0.01894999466899989 0.017405676002545344
0 0.34725045404995225 0.36397794728677485 0.014189769334818081 0.011101132001908987
0 0.32616360534690847 0.09621828262254747 0.015788632001908987 0.01424431333545444
0 0.3159709926798176 0.09321146129059288 0.015806813335454438 0.015806813335454438