0 0.3542734693152433 0.8238583740728116 0.04262759099298643 0.03361613680346807
0 0.3437946491417478 0.7201719319512019 0.04312823874123302 0.04142863680346807
0 0.8450696476005884 0.8411944613845073 0.09765505243632333 0.06639781570031075
0 0.779640116445181 0.5990517349914433 0.03501535009228505 0.03628611049510884
0 0.5521623658268722 0.4200522926580721 0.02035207279438911 0.026092063140062294
0 0.6205619124030995 0.4215168111445108 0.02377746144333699 0.030961573663405774
0 0.6360250285345137 0.3381127769436437 0.015564443244739934 0.02425654735504672
0 0.8957750586101867 0.5479226035202343 0.028264702344038283 0.028109589448421346
0 0.89177677591362 0.4524203877211013 0.016626295496493526 0.01653505261671846
0 0.5604128477851584 0.7892804347937993 0.015364184145441228 0.02113154735504672
0 0.42886006400885746 0.6801924030825938 0.026902461443336988 0.031143584186749607
0 0.38593208436692317 0.7184960398860619 0.023176684145441228 0.021586573663405773