0 0.48984375 0.4171875 0.05390625 0.0671875
0 0.50234375 0.69296875 0.03359375 0.04375
0 0.5578125 0.4546875 0.01328125 0.01484375
0 0.57890625 0.43203125 0.015625 0.01328125
0 0.67734375 0.59609375 0.01484375 0.01640625
0 0.75 0.7890625 0.02890625 0.0234375
0 0.80546875 0.834375 0.01328125 0.01875
0 0.79765625 0.84609375 0.02265625 0.0234375
0 0.021875 0.90390625 0.01484375 0.01875
0 0.24921875 0.8421875 0.015625 0.01875
0 0.3078125 0.771875 0.02578125 0.01875
0 0.29140625 0.8609375 0.01171875 0.01484375
0 0.16171875 0.925 0.01328125 0.01796875
0 0.01015625 0.5984375 0.0203125 0.04609375
0 0.0921875 0.284375 0.01640625 0.01875
0 0.80625 0.7421875 0.01875 0.01953125
0 0.696875 0.8078125 0.015625 0.0125
0 0.753125 0.87421875 0.0140625 0.015625
0 0.9609375 0.30703125 0.01328125 0.01171875
0 0.90859375 0.27890625 0.0140625 0.01328125
0 0.09765625 0.7796875 0.00859375 0.01328125