0 0.8220575817368042 0.374421278497916 0.08575582973421944 0.072203614741389
0 0.5582535024640102 0.48227537177215235 0.06141716378737563 0.05759560087368065
0 0.4963692759043948 0.7497369351267704 0.041165220542635696 0.03372168977951393
0 0.5376846907715045 0.7839839953472566 0.038140350092285044 0.03521145459715278
0 0.37048550122739243 0.873158864172708 0.05124112739018098 0.04487739532659738
0 0.3419614666851244 0.28153440862562473 0.05300388648947969 0.048038762917777866
0 0.26263491208933254 0.26460278818465255 0.0429279796419344 0.03688305737069451
0 0.5759776303156163 0.6978094527942009 0.03012759099298634 0.031904616641249994
0 0.7495725100221493 0.32994588630545074 0.01975129549649317 0.01606141109416672
0 0.7569449190291628 0.29847768075836745 0.02005168414544123 0.02074891109416672
0 0.559980281459949 0.277242379655937 0.026602072794389107 0.025581881458888844
0 0.35582490514950227 0.21705368132704833 0.024839313695090494 0.02242051386770836
0 0.04828131785714364 0.30167094956315965 0.026401813695090492 0.022456881458888845
0 0.25134576110188345 0.3204170303008679 0.021814443244739846 0.02391027868534721
0 0.5010939535714309 0.8967210379003122 0.02161418414544123 0.020785278685347207