0 0.7375534493157281 0.05200890112396099 0.028397720003181703 0.02639355661684715
0 0.36747456993954825 0.4061447498267753 0.0458215773392725 0.048512535660475996
0 0.4249234432686393 0.4313184112254783 0.028506808004454244 0.03576855661684704
0 0.48107016187941465 0.8366323718889761 0.031577264003817974 0.0314095073520523
0 0.4285900518778238 0.8538526717036639 0.028434082670272608 0.029518556616847037
0 0.11817981055064171 0.8412210198565852 0.05354317067154524 0.04152116249848916
0 0.07033375123332278 0.7284253689360678 0.04258748933799979 0.03880908492527073
0 0.3027922625716407 0.6673191518470787 0.015806813335454438 0.01726725367602615
0 0.0567883245544597 0.8195829218768885 0.025309082670272563 0.029190105881642125
0 0.5866661812142328 0.8146096595757992 0.012663632001908986 0.015376302940821063
0 0.6368121792250505 0.7297490604963169 0.017387494668999894 0.018993979043628782
0 0.4823835966343196 0.18728927335938667 0.017387494668999894 0.018993979043628827
0 0.5021415659611836 0.23281059358055262 0.014189769334818081 0.012415528308423518
0 0.7044505953214552 0.013352246527417311 0.01580681333545435 0.017267253676026197
0 0.6998721833227278 0.006983456076019789 0.017387494668999894 0.013966912152039579