0 0.38125 0.5203125 0.03828125 0.0515625
0 0.34296875 0.47421875 0.03671875 0.040625
0 0.3484375 0.51953125 0.0390625 0.0375
0 0.40625 0.34453125 0.01640625 0.01484375
0 0.63046875 0.484375 0.01640625 0.01640625
0 0.8703125 0.5203125 0.02890625 0.04375
0 0.7328125 0.5515625 0.0171875 0.0265625
0 0.790625 0.7328125 0.0171875 0.0171875
0 0.78359375 0.8484375 0.01484375 0.02109375
0 0.32265625 0.8296875 0.01796875 0.0203125
0 0.35859375 0.8578125 0.01015625 0.01328125
0 0.15078125 0.775 0.01015625 0.0140625
0 0.23203125 0.821875 0.015625 0.01875
0 0.053125 0.43671875 0.01171875 0.01953125
0 0.42890625 0.1265625 0.009375 0.01015625
0 0.9171875 0.34765625 0.0234375 0.015625
0 0.91328125 0.36875 0.01484375 0.01484375
0 0.82421875 0.3296875 0.0140625 0.01171875
0 0.86171875 0.8578125 0.01875 0.0234375