0 0.35475505045492295 0.6362885205862595 0.08673067885919253 0.058303379390299524
0 0.5020054407593717 0.5121748305965222 0.05914950692008212 0.033148843285945875
0 0.6337621877564411 0.10366341470908594 0.04833934091247087 0.03621021077238851
0 0.3740860988211364 0.0755964602814092 0.04208934091247105 0.03617384933607006
0 0.930593286157648 0.966904799854922 0.06460101087441501 0.0519261143631848
0 0.5798757727745941 0.5063793485505031 0.027390170950527093 0.020467036104353475
0 0.576502716462534 0.6344543515755653 0.019195668973360825 0.011046584308955332
0 0.5326890494663398 0.6326373215213359 0.024201503954332716 0.018886355386194254
0 0.31971420558811925 0.5814101230455876 0.026018671939110227 0.025145445745273953
0 0.6688401833078168 0.08277874296791715 0.019577670950527093 0.02042158430895542
0 0.34846394669087066 0.5393998850476401 0.017633168973360737 0.011037493949875809
0 0.26989988939022763 0.6623510508368806 0.013073002965749581 0.014135222872636887
0 0.6487212036481339 0.9691702400410509 0.017760502965749582 0.01416249394987581
0 0.7622385811010014 0.7839372428697213 0.014508168973360824 0.011019313231716588
0 0.5702991374130612 0.6547259449597069 0.011383168973360825 0.011001132513557365
0 0.33087324558855674 0.37605500253408275 0.01151050296574958 0.014126132513557366
0 0.8537774822798649 0.7110497095940381 0.024201503954332536 0.018886355386194254