0 0.20011285968298057 0.3557590550598941 0.06957891848667064 0.05302644703379285
0 0.16302757680222366 0.41039727857679054 0.028061098183228862 0.03924817029858776
0 0.32638883301114147 0.4836441184176614 0.03654327787978708 0.028966234160558102
0 0.3984871025559789 0.4949151181655599 0.015720594849248926 0.021295845792955605
0 0.4204095131667417 0.36909566333809685 0.024840503333980024 0.018826409654926036
0 0.37372583180319346 0.37002973264794886 0.023405549091614474 0.020279649011264313
0 0.6623250436316026 0.07952579290362308 0.029910640606883553 0.023841691585911227
0 0.1573368466369251 0.7751099886000337 0.022225686364518004 0.0248578883676025
0 0.31238920332428155 0.21740711322188133 0.029145366061076317 0.014466691585911207
0 0.3535237416650503 0.018002692923293546 0.016390274545807236 0.010467606436617349
0 0.21484387893795392 0.023039390209187965 0.011957866061076317 0.013264824505632145
0 0.7564285666311061 0.8870219466064644 0.04630091515269079 0.03430929802252862