0 0.5692908722616083 0.16984175243892727 0.058386813011265914 0.07441934740221226
0 0.5254261781467384 0.4621616659937636 0.04984688730530316 0.04928297970746058
0 0.7221206363808663 0.6674280442418222 0.026045674452321775 0.03637387662320535
0 0.7724245132613282 0.6501354042259362 0.029079746239076342 0.0333034237011061
0 0.7617240086424746 0.8465155263849148 0.038772994985435 0.04440456493480838
0 0.23914534883813632 0.5359436339301014 0.040335494985435094 0.04443183847375849
0 0.18381900283648686 0.5955328681017888 0.029170674452321688 0.036428423701106105
0 0.718452415610326 0.5682229310112973 0.02724446159934022 0.023901150162155816
0 0.4930155287672413 0.2079105426169691 0.01143760517284953 0.017378414772652385
0 0.4712170851145898 0.18405998539279872 0.019204641066226814 0.0159522824674041
0 0.3492237278301692 0.34330039204777624 0.020903533386094787 0.02066705600635439
0 0.19161947947952188 0.48752945332913644 0.01777853338609483 0.020612508928453722
0 0.10466401491068078 0.8032692759745823 0.01943196159934022 0.02376478246740419
0 0.22567153371529924 0.6370112560890799 0.02081260517284953 0.0175420560063543
0 0.9438916509623427 0.8480256590972001 0.017778533386094964 0.020612508928453722
0 0.9905955032321984 0.7338716558507892 0.00992056927947189 0.018913641233702094
0 0.8494847699252457 0.746496161125795 0.01768760517284953 0.017487508928453722