0 0.696875 0.346875 0.0328125 0.0453125
0 0.665625 0.3828125 0.009375 0.02109375
0 0.65859375 0.475 0.009375 0.01171875
0 0.7046875 0.48046875 0.015625 0.021875
0 0.8953125 0.059375 0.03046875 0.03671875
0 0.88515625 0.07890625 0.0203125 0.0375
0 0.86875 0.1421875 0.0109375 0.0140625
0 0.50625 0.03203125 0.00546875 0.02734375
0 0.14453125 0.33984375 0.01640625 0.021875
0 0.15546875 0.003125 0.01015625 0.00625
0 0.35625 0.025 0.01171875 0.01015625
0 0.3125 0.02421875 0.0125 0.0109375
0 0.4265625 0.08671875 0.01015625 0.009375
0 0.4109375 0.20859375 0.01015625 0.01640625
0 0.7734375 0.34765625 0.00703125 0.01015625
0 0.71171875 0.43203125 0.01015625 0.02109375
0 0.70390625 0.40546875 0.0125 0.00859375
0 0.68828125 0.553125 0.01328125 0.01640625
0 0.55078125 0.546875 0.0140625 0.01640625
0 0.51015625 0.6171875 0.00859375 0.0125
0 0.42578125 0.33515625 0.01171875 0.01875
0 0.33671875 0.3515625 0.015625 0.0140625
0 0.35078125 0.42421875 0.0125 0.01875
0 0.309375 0.39140625 0.01640625 0.01875
0 0.1109375 0.3484375 0.0109375 0.0203125
0 0.01015625 0.4828125 0.01328125 0.01875
0 0.59140625 0.3765625 0.01171875 0.015625
0 0.96640625 0.81328125 0.01171875 0.0125
0 0.99140625 0.48984375 0.01171875 0.0171875
0 0.946875 0.26328125 0.01015625 0.01484375
0 0.959375 0.23828125 0.0046875 0.01328125
0 0.334375 0.275 0.009375 0.01484375