0 0.24681428788306992 0.2136141924565916 0.1286163089182919 0.13139535330540167
0 0.3368983385034886 0.24867417572613962 0.06719820767745457 0.07375651470410478
0 0.48517766535490925 0.18438162443499762 0.04259169158591121 0.0323948595576681
0 0.611068175998571 0.1991642665270085 0.04760697351689647 0.037575035660476
0 0.5541783096745965 0.39481701230108934 0.028529191585911207 0.030916831249244582
0 0.16754132316824982 0.4107919204004345 0.03488845222957297 0.033136232719655115
0 0.844692229140005 0.9782885464851111 0.03343521287323483 0.0345345073520523
0 0.740984904963349 0.28261479593521804 0.030091691585911205 0.031081056616847215
0 0.22548912504917618 0.8069630650686855 0.03310743094224948 0.029847007352052302
0 0.3364609319506557 0.35332179888812654 0.021623627723940865 0.02088492977883405
0 0.29466655188092633 0.4210512878600479 0.01493658514929388 0.013978028308423518
0 0.30682234445557327 0.4285329781170676 0.025076409654926034 0.025900880514039316
0 0.45881117935276555 0.3840180148773295 0.0264203883676025 0.02294010588164195
0 0.40805170868586077 0.40117271506264174 0.03477919158591121 0.03157373271965493
0 0.229925616751303 0.7151438926419038 0.016717606436617415 0.01726725367602633
0 0.6659252847809768 0.12970569317970934 0.0186078883676025 0.022118979043628827
0 0.7993476061076412 0.7734415391330586 0.015155106436617416 0.01710302830842352
0 0.9308432605667871 0.8462009065926722 0.021405106436617416 0.01775992977883405
0 0.9352469012801782 0.7760925087982878 0.019842606436617415 0.017595704411231594
0 0.5531281699696116 0.7568689310518447 0.01337408514929379 0.013813802940821063