0 0.392750 0.463309 0.065000 0.068379
0 0.240250 0.638426 0.025000 0.028352
0 0.283375 0.672615 0.036250 0.036691
0 0.413375 0.655938 0.021250 0.043362
0 0.388273 0.146852 0.024342 0.036867
0 0.494908 0.191643 0.012500 0.015920
0 0.244347 0.062390 0.040341 0.054582
0 0.045568 0.072245 0.040909 0.036388
0 0.038182 0.109012 0.030682 0.021984
0 0.116857 0.059706 0.020000 0.016201
0 0.049000 0.026351 0.020714 0.027638
0 0.282339 0.015629 0.020714 0.024302
0 0.291268 0.033260 0.014286 0.015725
0 0.263335 0.151172 0.018214 0.021919
0 0.349585 0.403192 0.010714 0.019060
0 0.355121 0.650708 0.018214 0.016201
0 0.376013 0.652138 0.020714 0.019060
0 0.302263 0.635698 0.018929 0.020490
0 0.316371 0.627359 0.010000 0.011436
0 0.194770 0.566628 0.018421 0.028967
0 0.126382 0.439372 0.013158 0.021067
0 0.166678 0.018719 0.024671 0.037437