0 0.053983 0.532420 0.034820 0.043449
0 0.230210 0.515040 0.015030 0.022059
0 0.353582 0.515040 0.014780 0.022059
0 0.268036 0.576537 0.012525 0.024064
0 0.744739 0.469920 0.015531 0.019385
0 0.748497 0.531083 0.008016 0.014037
0 0.873497 0.564171 0.008016 0.016043
0 0.881764 0.719251 0.018537 0.018048
0 0.742485 0.710561 0.021042 0.028743
0 0.783066 0.574198 0.009018 0.008021
0 0.697144 0.616979 0.005010 0.006684
0 0.162450 0.724766 0.015281 0.016377
0 0.971443 0.455047 0.017535 0.023730
0 0.981463 0.485795 0.009519 0.011029
0 0.937625 0.169953 0.014529 0.016377
0 0.982715 0.278409 0.008517 0.012032
0 0.658317 0.703041 0.008517 0.011698