0 0.3265625 0.190625 0.03515625 0.0296875
0 0.3671875 0.23515625 0.02890625 0.02421875
0 0.60703125 0.08046875 0.04765625 0.03359375
0 0.56640625 0.11328125 0.01640625 0.03125
0 0.23125 0.88125 0.02890625 0.0390625
0 0.221875 0.85625 0.0140625 0.0171875
0 0.19296875 0.77890625 0.01640625 0.0109375
0 0.1546875 0.796875 0.009375 0.01484375
0 0.20234375 0.46875 0.0109375 0.0140625
0 0.14765625 0.278125 0.01640625 0.015625
0 0.02734375 0.12109375 0.01328125 0.009375
0 0.909375 0.1015625 0.01796875 0.009375
0 0.915625 0.61953125 0.009375 0.02265625
0 0.88046875 0.62421875 0.01015625 0.01015625
0 0.9296875 0.88828125 0.015625 0.00859375
0 0.8828125 0.93359375 0.0125 0.021875
0 0.965625 0.9125 0.00625 0.0140625
0 0.9703125 0.98046875 0.00859375 0.015625
0 0.96015625 0.98984375 0.01015625 0.0140625