0 0.7276354734545055 0.4508433475372309 0.05968357593472771 0.04727679328391084
0 0.627997129272653 0.812021405797266 0.03134508838228243 0.022911710344286008
0 0.2717919056176549 0.656212827582147 0.031463487552445366 0.024474210344286363
0 0.31880584772955933 0.48487603012188496 0.031108290041956366 0.019786710344286362
0 0.4635021184754837 0.4509697999921508 0.018016294191141213 0.01153770072563951
0 0.40780822552909796 0.43577882041057076 0.024858290041956367 0.019568455534962937
0 0.574012643370593 0.40807795026230326 0.024739890871793336 0.01800595553496276
0 0.580846674288987 0.6319420361971527 0.021614890871793337 0.017896828130301044
0 0.22706586577619134 0.35388643574951495 0.033759693361304244 0.013645837748947986
0 0.31042374005124507 0.4051066845683886 0.021378092531467184 0.014771828130301224
0 0.16661546308154335 0.4507316646981227 0.018016294191141168 0.01153770072563951
0 0.4411161263728681 0.9971131187354733 0.034966995850815155 0.0057737625290535275
0 0.7092238184847725 0.8351166546161398 0.018016294191141213 0.011537700725639154
0 0.9186356298973533 0.9148934677703163 0.028456886722608488 0.025927582939624473
0 0.5855439844521676 0.519124577666965 0.018371491701630306 0.01622520072563951
0 0.071787292540756 0.39209821996293315 0.01825309253146723 0.01466270072563942
0 0.043865969930020586 0.5274801592558271 0.00864129419114117 0.011210318511654193
0 0.2326916715896945 0.5309573672378607 0.018134693361304244 0.01310020072563951
0 0.06649060560372179 0.08569445253973795 0.027746491701630238 0.016552582939624562
0 0.4420424381864341 0.5071007489036916 0.024503092531467274 0.01488095553496276
0 0.587798181762164 0.8059425313878293 0.015364890871793335 0.01767857332097762
0 0.6830622149556431 0.7469346083370041 0.026657588382282427 0.022748019237293703