0 0.3794492865046009 0.31566926696550845 0.07914510818516848 0.0953507476909258
0 0.45975918452835013 0.4981584296894434 0.04716178454774678 0.06462842799249983
0 0.8163925954289771 0.7559666785116651 0.046396510001939714 0.05525342799249984
0 0.9125173937716855 0.513377928794489 0.04588632697140156 0.049003427992499834
0 0.4440068966466234 0.575463223468888 0.027423369395056164 0.03187471658814811
0 0.32162158467813146 0.5324958905281474 0.015593049091614474 0.01998030933083328
0 0.3353491158918984 0.4896344472670826 0.023915732122152544 0.026913814514629663
0 0.44132740423266714 0.2998385068807399 0.030420823637421535 0.030585618661666557
0 0.8280477014881138 0.796327838360878 0.025095594849248927 0.0223630155513888
0 0.4742038060494383 0.3404826307262027 0.015465503333979846 0.018417809330833278
0 0.3758456675685867 0.2248686097081937 0.016772911818710767 0.015429510367592592
0 0.12903598770285057 0.6651444207824534 0.013775457576345351 0.016718608294074143
0 0.3046732007392077 0.518423828605416 0.013520366061076317 0.013593608294074144
0 0.635763188321372 0.375861639067545 0.016645366061076316 0.01386701036759259
0 0.1742053533048849 0.7768918565506476 0.023915732122152544 0.026913814514629663