0 0.6355007612013033 0.41953125 0.06454574007170741 0.0640625
0 0.694624705134349 0.446875 0.05714616249848916 0.053125
0 0.6654369582604824 0.40703125 0.05854443713088635 0.0515625
0 0.7048394777403993 0.59609375 0.024174155146436505 0.021875
0 0.4305034562341351 0.5578125 0.02244742977883405 0.0203125
0 0.19694014704104776 0.625 0.05089616249848907 0.053125
0 0.3033685264553011 0.5375 0.03157373271965493 0.0328125
0 0.15824384190065488 0.390625 0.025900880514039316 0.0234375
0 0.10431422811706756 0.27890625 0.026229331249244536 0.0265625
0 0.5272451242617728 0.103125 0.02779183124924458 0.0265625
0 0.48078304668855454 0.0921875 0.015868979043628783 0.0171875
0 0.7103485571667402 0.08359375 0.017595704411231417 0.01875
0 0.6131873422773231 0.0734375 0.024338380514039314 0.0234375
0 0.9738735599162052 0.3609375 0.022775880514039316 0.0234375
0 0.7969517157857595 0.8109375 0.013978028308423518 0.0140625
0 0.24349826505055425 0.8078125 0.03231510588164195 0.025
0 0.23651160990411757 0.7859375 0.02244742977883405 0.0203125
0 0.33721074722031624 0.78515625 0.018993979043628782 0.0171875
0 0.03724635863110687 0.30234375 0.014057781984449768 0.0296875