0 0.3484375 0.1578125 0.01875 0.01875
0 0.9078125 0.07109375 0.04296875 0.075
0 0.88125 0.35625 0.02734375 0.025
0 0.8671875 0.36640625 0.02890625 0.03515625
0 0.8921875 0.37578125 0.0234375 0.0265625
0 0.615625 0.596875 0.02890625 0.04140625
0 0.903125 0.5734375 0.0359375 0.05859375
0 0.7265625 0.5546875 0.02265625 0.0453125
0 0.74375 0.6640625 0.0234375 0.03046875
0 0.27578125 0.35234375 0.021875 0.01640625
0 0.425 0.22578125 0.01796875 0.01484375
0 0.53046875 0.1984375 0.02890625 0.03046875
0 0.8140625 0.5453125 0.0109375 0.01015625