0 0.44144364542196346 0.511104584235129 0.019933991701630304 0.017375387687167888
0 0.41086815164574075 0.5255947814064781 0.06316377344521662 0.05554289434269819
0 0.3578830163730249 0.6515540193432031 0.020052390871793335 0.018937887687167886
0 0.5306972448019079 0.4081341381037696 0.028338487552445456 0.025917215890154565
0 0.5073072889930491 0.3994575555330281 0.023177390871793335 0.019229618968362505
0 0.06095804294174132 0.16807138207162722 0.02545028589277141 0.028750484608959858
0 0.056293853729622 0.18867561335282187 0.027012785892771406 0.028896350249557123
0 0.15481109625644485 0.35246497005011335 0.020052390871793245 0.018937887687167886
0 0.10678614812125584 0.4539137267056438 0.023295790041956276 0.020792118968362416
0 0.3847838614032918 0.2658353178040991 0.016808991701630305 0.01708365640597318
0 0.429828287342664 0.029688919093645967 0.028338487552445456 0.025917215890154464
0 0.07853662924943121 0.14083147566565402 0.02966418921211931 0.022938081530751785
0 0.16899996035902903 0.5644643400584656 0.023295790041956276 0.020792118968362416
0 0.19983556326345844 0.5670157772465192 0.02509508838228234 0.024062984608959857
0 0.1300218159627508 0.4851006936357879 0.01669059253146723 0.01552115640597318
0 0.2143744277902499 0.40585947878562323 0.02545028589277143 0.028750484608959858
0 0.3620232968672116 0.80165786293723 0.0268943867226084 0.027333850249556944
0 0.07679803711894932 0.7165806033695263 0.023295790041956276 0.020792118968362416
0 0.01717521399537129 0.7239777289934193 0.03435042799074258 0.041000775374335774
0 0.010197335883482631 0.7124987884776004 0.020394671766965262 0.038708947171349095
0 0.7780593421072599 0.28652501227208077 0.02833848755244528 0.02591721589015448