0 0.051478 0.436664 0.032315 0.028409
0 0.263402 0.482620 0.016283 0.033422
0 0.022295 0.545789 0.010521 0.013369
0 0.117485 0.405247 0.011523 0.015040
0 0.164078 0.407420 0.010521 0.018048
0 0.688126 0.058322 0.013527 0.027741
0 0.744865 0.133690 0.010772 0.015374
0 0.875251 0.139706 0.012024 0.012032
0 0.758267 0.334392 0.013527 0.020388
0 0.766283 0.213235 0.010020 0.012701
0 0.712174 0.493817 0.013026 0.012366
0 0.842184 0.899398 0.015030 0.014037
0 0.978707 0.236965 0.009018 0.012701
0 0.299098 0.082888 0.007515 0.009358