0 0.0515625 0.43671875 0.03203125 0.028125
0 0.26328125 0.4828125 0.01640625 0.03359375
0 0.02265625 0.54609375 0.01015625 0.01328125
0 0.1171875 0.40546875 0.01171875 0.01484375
0 0.1640625 0.40703125 0.01015625 0.01796875
0 0.68828125 0.05859375 0.01328125 0.028125
0 0.74453125 0.13359375 0.0109375 0.015625
0 0.875 0.13984375 0.01171875 0.01171875
0 0.75859375 0.334375 0.01328125 0.0203125
0 0.76640625 0.21328125 0.01015625 0.0125
0 0.7125 0.49375 0.01328125 0.0125
0 0.8421875 0.89921875 0.01484375 0.0140625
0 0.97890625 0.23671875 0.009375 0.0125
0 0.29921875 0.0828125 0.0078125 0.009375