0 0.09528806540958416 0.43354416469812274 0.05826085080120356 0.07836310217691818
0 0.13853021748310268 0.4319196665122213 0.028280824882222166 0.03837301923729371
0 0.1584531552775473 0.5266518131541768 0.0339840207351851 0.03234127404661713
0 0.60571169820852 0.779712392002268 0.02488242280870363 0.03513889183263199
0 0.795953863807177 0.6116047766633239 0.02093721658814811 0.025654764427970277
0 0.4076623433548159 0.553378037378279 0.019511417624907424 0.02716270072563951
0 0.3788722534868527 0.46147079037350397 0.011894407257314832 0.011319445916316085
0 0.4655601921297691 0.330496098085385 0.017128711404351904 0.017733137023308566
0 0.4514682978319451 0.3213839929132419 0.012304510367592414 0.016006945916315997
0 0.5847018799242137 0.4286930398253498 0.02039041244111104 0.01940476442797028
0 0.6057067385011117 0.34087558129516204 0.02167951036759259 0.016334328130301133
0 0.6703167511777786 0.39955366604888515 0.023788814514629664 0.022638891832631992
0 0.6786296627704178 0.6090749989885097 0.01855451036759259 0.01622520072563951
0 0.7251724721012511 0.5965948463561045 0.042147835249814844 0.05443452885594056
0 0.7416286573037976 0.6951241155933982 0.018691211404351905 0.01778770072563951
0 0.6725744438731954 0.5618453349233591 0.01060530933083328 0.014389882213985138
0 0.6944986705461123 0.5978746041606529 0.006933505183796385 0.008030754809323425
0 0.7048011835056028 0.5786434545234724 0.008496005183796385 0.008085318511654194
0 0.6963830907629177 0.5673785723094873 0.008496005183796385 0.008085318511654194
0 0.6878870855791214 0.574918253797833 0.007070206220555519 0.009593254809323427
0 0.6188636835056028 0.5756424508952754 0.017128711404351904 0.017733137023308566
0 0.6276426526856491 0.5469544557045989 0.012031108294074144 0.012881945916316084
0 0.6193127428364362 0.5615526690441099 0.01332020622055552 0.009811509618646852
0 0.5904550109797231 0.5331176449974929 0.008496005183796385 0.008085318511654194
0 0.5388925109797231 0.5313170428205746 0.008496005183796385 0.008085318511654194
0 0.6247602434020841 0.4097173505324557 0.00904280933083328 0.014335318511654194
0 0.7219380397734266 0.41859633192813417 0.015156108294074145 0.01299107332097762
0 0.7957569571155101 0.470543267044677 0.012304510367592414 0.016006945916316084
0 0.45291605475916763 0.537718321043543 0.014003711404351905 0.017624009618646852
0 0.22979020452361193 0.4546974568009071 0.018964613477870353 0.02091270072563951
0 0.1662847791230102 0.49087800426116923 0.012167809330833279 0.014444445916316084
0 0.2716550757771767 0.42403029935917863 0.012167809330833279 0.014444445916316084
0 0.38376338798273213 0.3339087855641805 0.008496005183796295 0.008085318511654283
0 0.3070443545708802 0.3061533185964723 0.007343608294073966 0.012718254809323426
0 0.3198471509422228 0.3120858600662846 0.011621005183796296 0.008194445916315995
0 0.42917363279893583 0.34333091478294075 0.010331907257314654 0.011264882213985139
0 0.3758442897734267 0.4065104718618497 0.01060530933083328 0.014389882213985138
0 0.2618324335056029 0.5631746449126749 0.012167809330833279 0.014444445916315907
0 0.2811490700277326 0.5842237548941414 0.015429510367592592 0.01611607332097762
0 0.39567975320402876 0.5380704959084668 0.006933505183796295 0.008030754809323425
0 0.013069470640648667 0.27159474700477515 0.01046860829407405 0.012827382213985139
0 0.010335449905463543 0.30284474700477515 0.011757706220555535 0.009756945916315995