0 0.671500 0.178952 0.037500 0.060040
0 0.436500 0.284022 0.017500 0.026684
0 0.348375 0.464977 0.021250 0.021681
0 0.586500 0.634256 0.015000 0.030020
0 0.857125 0.596731 0.023750 0.045030
0 0.577103 0.563389 0.013462 0.024375
0 0.563588 0.444399 0.013462 0.017319
0 0.409868 0.499885 0.028365 0.033356
0 0.030385 0.811760 0.010577 0.014112
0 0.976574 0.427369 0.017593 0.013589
0 0.950417 0.458871 0.006019 0.016060
0 0.566313 0.841117 0.009167 0.011674
0 0.846625 0.087725 0.014583 0.021681
0 0.256750 0.599928 0.008333 0.013898
0 0.324531 0.353353 0.040385 0.060297