0 0.3177403956185733 0.2694809581889739 0.03225021034569897 0.03619510523343701
0 0.24904083755536527 0.6248579739034023 0.06767088479802066 0.07413472099021767
0 0.8240254318411552 0.8597918139165209 0.059585600158284534 0.06430469468185862
0 0.5695195074553403 0.3698548715831499 0.01768760517284953 0.018188557878390375
0 0.6010877562016992 0.3789722663497129 0.012909176959604095 0.014790542093374803
0 0.9250039439818559 0.5917481982303275 0.01938649749271768 0.022967063140062294
0 0.24608670447320424 0.22748244496420708 0.014517141066226813 0.01644404735504663
0 0.20932850204506406 0.28205582387516737 0.019341033386094875 0.021404563140062116
0 0.09795674452321665 0.35427870534637645 0.016079641066226814 0.01653505261671846
0 0.06576167313217343 0.511886078995665 0.011346676959604141 0.014699536831702886
0 0.5120633939692206 0.11651703995664904 0.01286371285298138 0.013228042093374803