0 0.5359375 0.534375 0.00859375 0.01640625
0 0.5359375 0.565625 0.0328125 0.0484375
0 0.628125 0.6484375 0.01171875 0.01640625
0 0.48046875 0.42734375 0.01640625 0.0203125
0 0.4625 0.4453125 0.0109375 0.01875
0 0.05 0.7609375 0.0203125 0.01640625
0 0.0671875 0.771875 0.01953125 0.01875
0 0.134375 0.93359375 0.0140625 0.02734375
0 0.18359375 0.93671875 0.0171875 0.021875
0 0.26171875 0.73515625 0.0109375 0.01484375
0 0.33359375 0.80625 0.01328125 0.01875
0 0.284375 0.5109375 0.01171875 0.0125
0 0.08671875 0.40390625 0.01484375 0.0203125
0 0.08828125 0.15859375 0.01484375 0.0265625
0 0.0328125 0.7390625 0.01171875 0.0234375
0 0.4640625 0.78515625 0.0125 0.01796875
0 0.4796875 0.759375 0.01484375 0.0171875
0 0.3734375 0.7953125 0.01015625 0.01171875
0 0.3375 0.69921875 0.02109375 0.01484375
0 0.76875 0.6890625 0.01796875 0.01875
0 0.5625 0.90859375 0.01171875 0.0171875
0 0.5421875 0.971875 0.028125 0.0421875
0 0.5265625 0.98046875 0.0296875 0.03828125
0 0.478125 0.17890625 0.01484375 0.02109375