0 0.6887132232654577 0.5852777145645955 0.0631727093411815 0.06548653505643146
0 0.49885129193191224 0.5635303330806847 0.02687158267027261 0.02982396489898349
0 0.3489700179424117 0.4676729735070436 0.025272720003181703 0.026507114022572508
0 0.05753649594209358 0.43423653505643156 0.07111247867599957 0.07738328943848546
0 0.02373584997613746 0.400821789460778 0.04747169995227492 0.098518578921556
0 0.6037002345640048 0.8314555435530291 0.026853401336727246 0.028261464898983492
0 0.7590871685630501 0.8575759557559024 0.02845226400381797 0.03157831577539412
0 0.9909046213001378 0.36654840739726147 0.012772720003181703 0.024972307011286343
0 0.48447061859486695 0.5891474251929876 0.02207499466899989 0.01987341226975108
0 0.3864683759150494 0.6741276708555187 0.02063976400381797 0.030619061393340273
0 0.603991683243186 0.7391721181148236 0.026835220003181705 0.02669896489898349
0 0.5653360738781419 0.9683532979573755 0.020512494668999893 0.019681561393340274