0 0.74609375 0.65078125 0.0390625 0.053125
0 0.28125 0.9484375 0.0359375 0.0453125
0 0.51796875 0.925 0.025 0.03828125
0 0.52890625 0.903125 0.021875 0.04375
0 0.20078125 0.88203125 0.0125 0.01875
0 0.1546875 0.88046875 0.015625 0.02578125
0 0.040625 0.98671875 0.0125 0.02109375
0 0.15078125 0.7046875 0.01796875 0.01484375
0 0.06796875 0.40390625 0.0140625 0.015625
0 0.08125 0.01953125 0.009375 0.00625
0 0.2328125 0.0984375 0.009375 0.0203125
0 0.43984375 0.1296875 0.01875 0.0234375
0 0.80625 0.046875 0.02109375 0.01796875
0 0.94609375 0.41640625 0.01328125 0.021875
0 0.79609375 0.5296875 0.009375 0.0140625
0 0.7453125 0.50625 0.01796875 0.0171875
0 0.55078125 0.84609375 0.00703125 0.0125
0 0.403125 0.45625 0.0140625 0.0203125
0 0.4375 0.45859375 0.009375 0.01875
0 0.3375 0.75859375 0.01484375 0.01640625
0 0.36484375 0.65703125 0.01875 0.01640625
0 0.471875 0.7109375 0.009375 0.0109375
0 0.45703125 0.73515625 0.0046875 0.01484375
0 0.75390625 0.5171875 0.01171875 0.01640625
0 0.7390625 0.565625 0.01015625 0.01875
0 0.84921875 0.64609375 0.009375 0.0140625
0 0.83125 0.603125 0.0109375 0.01640625
0 0.78125 0.625 0.00859375 0.01796875
0 0.82421875 0.79296875 0.00703125 0.01171875
0 0.3671875 0.8671875 0.00703125 0.01171875
0 0.41875 0.53671875 0.01015625 0.0109375
0 0.23828125 0.67578125 0.01015625 0.0109375