0 0.3179170814837498 0.3707276461807377 0.061603344866803675 0.06057902778099056
0 0.46996505973492 0.458348625704447 0.026082338935304605 0.029043143276206607
0 0.6348578892786845 0.4598831139995788 0.02595500494291585 0.025918143276206607
0 0.8682712726630509 0.5938969425684725 0.07148768083635879 0.0740092690095679
0 0.9207105231573426 0.586359345708915 0.0663836867678576 0.10151410819051634
0 0.7955354737281838 0.8322073208613702 0.029207338935304784 0.02935322368573239
0 0.23713136060977238 0.6347357053950686 0.027517504942915848 0.02607318348096932
0 0.10906471041949198 0.5696340825951529 0.02764483893530465 0.02919818348096932
0 0.21835341057040375 0.009572941332075915 0.02276633794672147 0.01914588266415183
0 0.4648491368072265 0.4884237262163543 0.022575336958138337 0.019358062866680827
0 0.4883755256288005 0.6175867324282405 0.01989600593149916 0.029985482457154867
0 0.2910641269213948 0.5523531487402741 0.02582767095052709 0.022793143276206608
0 0.18706108194086032 0.7750918512308115 0.021012836958138336 0.019203022661917757