0 0.589000 0.672615 0.037500 0.050033
0 0.221500 0.592562 0.017500 0.026684
0 0.319000 0.243996 0.020000 0.026684
0 0.493375 0.280687 0.016250 0.026684
0 0.548312 0.418995 0.008333 0.015288
0 0.554735 0.364115 0.015625 0.021311
0 0.606819 0.522768 0.013542 0.020847
0 0.389284 0.539214 0.014583 0.018531
0 0.606992 0.186959 0.009028 0.029649
0 0.570013 0.269653 0.012153 0.017141
0 0.503346 0.133451 0.009375 0.015288
0 0.006806 0.422574 0.013611 0.032892
0 0.007014 0.607865 0.008333 0.012508
0 0.211181 0.671536 0.009722 0.016215
0 0.166042 0.876928 0.020833 0.023164
0 0.500326 0.539052 0.013542 0.013898
0 0.546159 0.039285 0.012153 0.015288
0 0.410226 0.017743 0.009375 0.009265
0 0.434692 0.200481 0.010417 0.014361
0 0.843442 0.020291 0.011806 0.023627
0 0.490039 0.400134 0.010417 0.021774
0 0.221562 0.554143 0.014236 0.011582
0 0.293090 0.642831 0.019097 0.022700