0 0.39296875 0.46328125 0.06484375 0.06875
0 0.23984375 0.63828125 0.025 0.028125
0 0.28359375 0.67265625 0.0359375 0.03671875
0 0.41328125 0.65625 0.02109375 0.04296875
0 0.38828125 0.146875 0.02421875 0.03671875
0 0.4953125 0.19140625 0.0125 0.015625
0 0.24453125 0.0625 0.040625 0.0546875
0 0.0453125 0.07265625 0.04140625 0.03671875
0 0.03828125 0.10859375 0.03046875 0.021875
0 0.1171875 0.059375 0.01953125 0.01640625
0 0.04921875 0.0265625 0.02109375 0.028125
0 0.28203125 0.015625 0.0203125 0.02421875
0 0.29140625 0.03359375 0.0140625 0.015625
0 0.26328125 0.1515625 0.01796875 0.021875
0 0.34921875 0.403125 0.0109375 0.01875
0 0.35546875 0.65078125 0.01796875 0.01640625
0 0.37578125 0.65234375 0.0203125 0.01875
0 0.30234375 0.6359375 0.01875 0.02109375
0 0.31640625 0.62734375 0.01015625 0.01171875
0 0.19453125 0.56640625 0.01796875 0.02890625
0 0.1265625 0.4390625 0.01328125 0.02109375
0 0.16640625 0.01875 0.025 0.0375