0 0.5383146288993201 0.40547575683569115 0.0833306504675381 0.08954428903121965
0 0.39996169778837737 0.6625393439733169 0.05346134328594587 0.05812157220870695
0 0.4563106499765589 0.4106405006873711 0.01886817466803503 0.020421584308955333
0 0.4451867976154267 0.3786728832009284 0.020421584308955333 0.01886817466803503
0 0.2770822131100796 0.4905921419815272 0.022011355386194253 0.023564765027114732
0 0.11857988758172289 0.641519358607648 0.03927157825883119 0.03616475897699054
0 0.04524238153159867 0.6591341054843902 0.022020445745273887 0.02512726502711473
0 0.04689123994285505 0.6739687651253105 0.031440897540671975 0.03299430718159222
0 0.5725689925751337 0.9217001996540988 0.023582945745273955 0.025136355386194253
0 0.5493673210303566 0.8280820098607531 0.032985216822512695 0.0298783975406721
0 0.5241178570365144 0.919638250785567 0.01885908430895533 0.018859084308955686
0 0.9077838090283041 0.7955270224519809 0.02996021077238851 0.0470477168225127
0 0.9784992673648055 0.46151057075477875 0.0251545361043533 0.026707945745273954
0 0.08613502624360028 0.5706119609687803 0.026717036104353498 0.026717036104353477
0 0.16101282727687255 0.6834614189124985 0.018859084308955422 0.01885908430895533
0 0.07607474589478339 0.7214568434823375 0.020430674668035033 0.020430674668034852
0 0.20203974385167994 0.08085859367872932 0.02042158430895542 0.01886817466803503
0 0.7468513750886909 0.9316241246167213 0.01416249394987581 0.01726931323171641