0 0.07567084013814321 0.34937139746798607 0.11635806576151386 0.11096686305535766
0 0.16795393498739217 0.32378059229101885 0.05809928454774686 0.06403167889684287
0 0.2775994862050385 0.1712177634365283 0.04072059484924893 0.022587631541796237
0 0.39435629363160263 0.10299213722699108 0.044100686364518006 0.025894642065139896
0 0.4134099561992195 0.31725976357770264 0.025350686364518003 0.02480257892507769
0 0.07560784088704925 0.5787480843279239 0.03329073212215257 0.02682010523343692
0 0.8824003616398347 0.6584960824735469 0.030420823637421535 0.029763094710093262
0 0.5411037478739681 0.09600014262983728 0.027040732122152633 0.026456084186749586
0 0.26875309451089324 0.8987288424321932 0.031473140606883464 0.02360409997176518
0 0.2052948251352337 0.4187976897025353 0.021460411818710768 0.015245568401734032
0 0.19261973982888247 0.5073974581183867 0.013392820303441777 0.011665542093374804
0 0.20596476270769976 0.505842663394176 0.021970594849248924 0.021495568401734035
0 0.32455487922781795 0.36753205033881836 0.024840503333979847 0.018552578925077688
0 0.28563602937759913 0.415673418726435 0.031473140606883554 0.02360409997176518
0 0.23995815693842718 0.8133219634506457 0.015082866061076316 0.013319047355046364
0 0.014605149690739255 0.16398690528990673 0.013265274545807216 0.010103042093374804
0 0.4185428348473093 0.008231551513062037 0.014030549091614474 0.016463103026124075
0 0.7683213704338263 0.5034130112998025 0.013647911818710768 0.014790542093374803
0 0.911401690737268 0.4841940324876643 0.021332866061076317 0.013683068401734033
0 0.890323658315553 0.41855362193608575 0.018207866061076317 0.013501057878390376
0 0.5421738454289772 0.6448779874105177 0.011957866061076317 0.013137036831702887