0 0.754625 0.540027 0.026250 0.028352
0 0.990125 0.468312 0.019750 0.061708
0 0.979625 0.496664 0.023750 0.048366
0 0.607125 0.827719 0.083750 0.090060
0 0.382873 0.825230 0.013462 0.015395
0 0.435998 0.949031 0.012019 0.008980
0 0.619411 0.909582 0.033654 0.045543
0 0.704026 0.081978 0.008654 0.023734
0 0.880962 0.676734 0.016346 0.022451
0 0.984087 0.750180 0.023558 0.020527
0 0.970144 0.564183 0.013942 0.016678
0 0.759655 0.443421 0.009483 0.020128
0 0.724310 0.415816 0.008621 0.012077
0 0.841086 0.446181 0.012171 0.010533
0 0.956853 0.426405 0.007328 0.011502
0 0.949095 0.322600 0.005603 0.014377
0 0.120852 0.967692 0.011932 0.013645