0 0.7546875 0.53984375 0.0265625 0.028125
0 0.98984375 0.46875 0.01953125 0.06171875
0 0.9796875 0.496875 0.0234375 0.0484375
0 0.60703125 0.82734375 0.08359375 0.08984375
0 0.3828125 0.825 0.01328125 0.015625
0 0.4359375 0.94921875 0.01171875 0.009375
0 0.61953125 0.909375 0.03359375 0.04609375
0 0.70390625 0.08203125 0.00859375 0.0234375
0 0.88125 0.6765625 0.01640625 0.02265625
0 0.98359375 0.75 0.0234375 0.0203125
0 0.9703125 0.5640625 0.0140625 0.01640625
0 0.759375 0.44375 0.009375 0.0203125
0 0.72421875 0.415625 0.00859375 0.01171875
0 0.84140625 0.44609375 0.0125 0.0109375
0 0.95703125 0.4265625 0.00703125 0.01171875
0 0.95078125 0.32265625 0.009375 0.0140625
0 0.12109375 0.96796875 0.01171875 0.0140625