0 0.234375 0.5855257892507774 0.028125 0.03288809471009326
0 0.003125 0.5259632605233436 0.00625 0.05192652104668731
0 0.39296875 0.90335657331047 0.090625 0.10215330517696727
0 0.6328125 0.9149821309770989 0.0140625 0.01644404735504672
0 0.3796875 0.9824088590385166 0.0359375 0.035182281922966754
0 0.2890625 0.09808597340929208 0.009375 0.025546031570031102
0 0.09921875 0.7245288341161624 0.0171875 0.0260010578783902
0 0.00546875 0.5987560184158515 0.0109375 0.019387036831702887
0 0.22890625 0.4820822708349259 0.009375 0.02242103157003115
0 0.2671875 0.4546243997458862 0.009375 0.013046031570031147
0 0.14140625 0.4801109761813024 0.0125 0.013228042093374803
0 0.01796875 0.45182781050922627 0.0078125 0.01295502630835923
0 0.0234375 0.34042757892507775 0.009375 0.01617103157003106