0 0.2621192989592033 0.20644356723793478 0.05508364767057934 0.07230382675717592
0 0.5197171149925769 0.2217194937591994 0.02499335594746519 0.03201310307144363
0 0.6605545561952925 0.3616660763543522 0.027954581637205676 0.029198183480969496
0 0.48492819368910656 0.6068334009259011 0.025239017412854635 0.03670060307144354
0 0.21403251752439623 0.6674816666570285 0.03855788896415202 0.05356592470954684
0 0.4717863845531379 0.5358886421544786 0.020223968792335612 0.029985482457154867
0 0.4483345171857119 0.41806283440687053 0.018252033016686653 0.022017942252391974
0 0.6123936951594446 0.4167048830091467 0.03806656603337366 0.04419092470954702
0 0.04687491576080241 0.5497795376452265 0.02285764586155702 0.020920562866680825
0 0.08173791666531356 0.570664923242824 0.010275758706427274 0.018117741228577344
0 0.5686015880803256 0.7948590113020445 0.013236984396167628 0.015302821638103304
0 0.0653361521931351 0.1827773227309168 0.021622694482076033 0.027015522661917802
0 0.7903416327441157 0.4555903800757011 0.013318871551297563 0.016865321638103302
0 0.6482858502932557 0.24744248717340386 0.05820864767057934 0.07261390716670171