0 0.83125 0.49765625 0.03828125 0.06640625
0 0.790625 0.5078125 0.01875 0.0328125
0 0.75 0.425 0.025 0.025
0 0.27578125 0.28125 0.01640625 0.028125
0 0.14296875 0.47265625 0.01484375 0.0203125
0 0.5140625 0.45 0.01171875 0.0234375
0 0.5625 0.52734375 0.0078125 0.009375
0 0.51484375 0.6640625 0.0109375 0.01484375
0 0.5296875 0.66875 0.009375 0.01328125
0 0.38125 0.5984375 0.0140625 0.01484375
0 0.38359375 0.68203125 0.01875 0.0125
0 0.31015625 0.64140625 0.01796875 0.01796875
0 0.25078125 0.4515625 0.015625 0.0125
0 0.2109375 0.471875 0.028125 0.0453125
0 0.17265625 0.3859375 0.01328125 0.0140625
0 0.26796875 0.49375 0.00703125 0.0109375
0 0.2390625 0.465625 0.00390625 0.00703125
0 0.234375 0.484375 0.0046875 0.00703125
0 0.2453125 0.49296875 0.00703125 0.00625
0 0.25078125 0.484375 0.0046875 0.0078125
0 0.3140625 0.4703125 0.0109375 0.0140625
0 0.31328125 0.4984375 0.009375 0.01015625
0 0.3171875 0.48359375 0.01015625 0.0078125
0 0.35078125 0.503125 0.00546875 0.00546875
0 0.3984375 0.4953125 0.00546875 0.00546875
0 0.34921875 0.62265625 0.00546875 0.01171875
0 0.25703125 0.634375 0.0109375 0.01015625
0 0.1765625 0.60078125 0.0078125 0.01328125
0 0.00390625 0.54453125 0.0078125 0.02109375
0 0.47578125 0.47265625 0.00859375 0.015625
0 0.7015625 0.50390625 0.01328125 0.01875
0 0.75078125 0.459375 0.01015625 0.01171875
0 0.67109375 0.54140625 0.00859375 0.0109375
0 0.5890625 0.64453125 0.00546875 0.00703125
0 0.66640625 0.65546875 0.00390625 0.01171875
0 0.65390625 0.65234375 0.0078125 0.00625
0 0.54609375 0.64453125 0.00703125 0.00859375
0 0.57890625 0.5765625 0.00703125 0.01171875
0 0.64609375 0.41171875 0.0078125 0.01171875
0 0.6234375 0.39609375 0.01171875 0.01328125
0 0.52890625 0.4609375 0.0046875 0.0078125
0 0.946875 0.6296875 0.01015625 0.01015625
0 0.940625 0.6 0.00859375 0.00703125