0 0.3125 0.56015625 0.03984375 0.03515625
0 0.390625 0.62734375 0.03125 0.0265625
0 0.11875 0.5390625 0.02109375 0.03671875
0 0.07578125 0.56953125 0.0140625 0.01640625
0 0.3546875 0.25078125 0.02890625 0.0265625
0 0.21875 0.17109375 0.02265625 0.025
0 0.565625 0.29921875 0.0203125 0.0234375
0 0.1515625 0.7515625 0.05234375 0.028125
0 0.15625 0.82265625 0.05234375 0.0703125
0 0.18046875 0.46484375 0.0296875 0.025
0 0.23203125 0.56796875 0.01640625 0.01875
0 0.93359375 0.865625 0.01640625 0.028125
0 0.4984375 0.41171875 0.01015625 0.0171875
0 0.51328125 0.11484375 0.01875 0.02109375
0 0.54296875 0.06328125 0.01171875 0.01171875
0 0.31796875 0.88515625 0.01484375 0.01953125
0 0.3421875 0.40078125 0.01171875 0.0140625