0 0.48306948097446545 0.28875819853617435 0.08459763192686935 0.07803175684847723
0 0.4886732415184355 0.69523334148256 0.09419095574818712 0.08342965186945542
0 0.4760554633966729 0.5589881881632122 0.02750856989237622 0.02232528589277134
0 0.5985769344463409 0.7151295991562299 0.03583049214211709 0.03385478174358667
0 0.7821427975570726 0.549122400396341 0.02772689371369381 0.027012785892771517
0 0.8465884412707663 0.5693272340047384 0.024529119106588126 0.025213487552445457
0 0.9348888461521117 0.2937217375292234 0.04080909057054072 0.04045997925407559
0 0.8353489567816442 0.10918263939867881 0.02758134449948173 0.023887785892771386
0 0.870886196442562 0.09786570848492926 0.022748295285270358 0.02040758838228234
0 0.6545336819651415 0.670905079860198 0.04393409057054054 0.04069677759440164
0 0.12093550806277062 0.3577514551841589 0.021331344499481996 0.023414189212119307