0 0.67109375 0.17890625 0.0375 0.06015625
0 0.43671875 0.284375 0.0171875 0.0265625
0 0.3484375 0.46484375 0.02109375 0.021875
0 0.58671875 0.634375 0.01484375 0.03046875
0 0.85703125 0.596875 0.0234375 0.0453125
0 0.57734375 0.56328125 0.01328125 0.02421875
0 0.56328125 0.44453125 0.01328125 0.0171875
0 0.41015625 0.5 0.028125 0.03359375
0 0.03046875 0.81171875 0.01015625 0.0140625
0 0.9765625 0.42734375 0.01796875 0.0140625
0 0.95078125 0.45859375 0.00625 0.01640625
0 0.56640625 0.84140625 0.009375 0.01171875
0 0.846875 0.0875 0.01484375 0.021875
0 0.25703125 0.6 0.00859375 0.0140625
0 0.32421875 0.353125 0.040625 0.06015625