0 0.162312 0.347565 0.040625 0.042528
0 0.179500 0.479695 0.030000 0.036691
0 0.078562 0.495539 0.016875 0.020013
0 0.380750 0.560999 0.013750 0.020847
0 0.374187 0.343771 0.018125 0.018346
0 0.350027 0.185613 0.019022 0.026830
0 0.329647 0.231658 0.016304 0.017403
0 0.528560 0.186338 0.067391 0.070337
0 0.543777 0.329550 0.010870 0.020303
0 0.552745 0.350578 0.010326 0.021754
0 0.590788 0.334625 0.012500 0.013052
0 0.637799 0.294744 0.021739 0.049308
0 0.635353 0.340426 0.033152 0.044958
0 0.505349 0.480136 0.009615 0.014753
0 0.441594 0.241411 0.008750 0.012230
0 0.680849 0.296962 0.015833 0.016678
0 0.616474 0.469008 0.015417 0.018902
0 0.520328 0.371164 0.020833 0.021125
0 0.536578 0.415083 0.018333 0.026684
0 0.462448 0.224455 0.008013 0.010691