0 0.4181373088424329 0.7352186399113545 0.10262616801906325 0.06330139342673605
0 0.794306522317839 0.5424934645682298 0.028425008928453722 0.017842116641249996
0 0.7289542577073425 0.5565910257386465 0.02376478246740401 0.019295513867708357
0 0.692940665580136 0.640874453550313 0.022011367694751628 0.008321646276527872
0 0.2707458859521057 0.8364330349536114 0.018968188311602675 0.012936411094166544
0 0.2827628705308302 0.7195728432742363 0.022065914772652385 0.011446646276527871
0 0.42025496225099956 0.8117993237069449 0.020530688311602673 0.012972778685347209
0 0.6035469289728166 0.664564567057431 0.02527273538950343 0.016206881458888843
0 0.3479479452081663 0.42745938487736146 0.018968188311602675 0.012936411094166544
0 0.01392532142433463 0.6188227351823612 0.006850017856907481 0.0345204703647223
0 0.127839591309837 0.747204267951771 0.011155688311602718 0.012754573138263937