0 0.362725 0.721758 0.045090 0.061832
0 0.411573 0.752674 0.035070 0.023396
0 0.491483 0.593416 0.025050 0.031751
0 0.507139 0.524064 0.018788 0.013369
0 0.389654 0.513202 0.016283 0.021725
0 0.387776 0.557487 0.017535 0.020053
0 0.132766 0.307487 0.020040 0.026738
0 0.004509 0.161430 0.009018 0.041444
0 0.755887 0.729947 0.021794 0.019385
0 0.239729 0.626838 0.012525 0.027072
0 0.053983 0.603275 0.007766 0.014706
0 0.050100 0.733456 0.011022 0.010361
0 0.900301 0.156083 0.029058 0.040775
0 0.979083 0.255682 0.036824 0.036096