0 0.5691327930141203 0.7472164450996663 0.0666068474022122 0.060455441085271566
0 0.9909091923687925 0.35234312462162903 0.01818161526241511 0.05160207279438911
0 0.91358044804754 0.585925185077517 0.04752956493480838 0.040503886489479515
0 0.888662268664391 0.5922147578719061 0.05221706493480838 0.04080427513842757
0 0.9679819813290184 0.2523826974160182 0.02217500892845372 0.018589313695090492
0 0.9812399119299833 0.2053877814691743 0.031659103084255236 0.02544009099298643
0 0.80517624391092 0.15566479102989825 0.020721603084255236 0.024739184145441184
0 0.5285886501621558 0.0017629021456250227 0.020667056006354302 0.0035258042912500454
0 0.1726892520285949 0.08044206431339933 0.023710235389503388 0.0171269432447398
0 0.13974788717321698 0.2992013587301584 0.030123876623205436 0.026902461443337078
0 0.27206865259119717 0.8898287538575114 0.02535455600635439 0.021914572794389287
0 0.4325913210172976 0.7661340306939819 0.017432961850553142 0.015163925046142524
0 0.42378333684561015 0.7096034284422286 0.02384660308425506 0.024939443244739935
0 0.8246406789728166 0.5986638194075283 0.014253414772652207 0.011838665946843819
0 0.47924280965650706 0.34705456123108036 0.025381829545304768 0.023477072794389108
0 0.47048146428288984 0.3828115885289763 0.02055796185055314 0.015364184145441228
0 0.8024718039744643 0.35919030922849554 0.0222295560063543 0.02171431369509049
0 0.691438846588138 0.36083075725359737 0.022284103084255057 0.024839313695090494
0 0.713124706165215 0.4830166378829809 0.014280688311602674 0.013401165946843818
0 0.7427167487788887 0.4756454264396437 0.015788641233702095 0.01037629549649317
0 0.43258163838773767 0.7207714659191573 0.020612508928453722 0.018489184145441227
0 0.4849253883877377 0.7174171260059051 0.02214773538950343 0.01702681369509058
0 0.5318430730458925 0.8512821838408993 0.015843188311602675 0.013501295496493527
0 0.4953328287279353 0.8207726634828336 0.020612508928453722 0.018489184145440873
0 0.5328913299457513 0.7769132395164254 0.02055796185055314 0.015364184145441228
0 0.6876936525911972 0.8631942936507919 0.014253414772652384 0.011838665946843819
0 0.9020411558409034 0.41772589760058826 0.014226141233702094 0.010276165946843819
0 0.5549928319776415 0.38521709284791295 0.01587046185055314 0.01506379549649317
0 0.7494950340889618 0.2366632695920985 0.014280688311602674 0.013401165946843907