0 0.5209087703217172 0.3535391541722688 0.021496491701630305 0.01787948301488118
0 0.24206876222384005 0.6494279571694103 0.02822008838228234 0.02482317009638315
0 0.18205363817250092 0.05106438755494271 0.018134693361304154 0.01440763947413024
0 0.6536200622377732 0.04365666936079758 0.030256185062934548 0.0312465918667586
0 0.5937696203263615 0.15875458778318835 0.024858290041956367 0.021351326555632166
0 0.8394317821445718 0.43361354327860624 0.021496491701630305 0.01787948301488118
0 0.259642735454631 0.877557217335962 0.057529080083912554 0.043569761963141926
0 0.2901823404336528 0.8834637819284523 0.024858290041956367 0.021351326555632256
0 0.31146442196745794 0.939977322717257 0.021378092531467184 0.016316983014881003
0 0.3606948273613983 0.9445840760652418 0.019460395020978183 0.011456061244505733
0 0.9633573020653037 0.27034592581157185 0.017164189212119395 0.022046717703754836