0 0.56875 0.45078125 0.02890625 0.03671875
0 0.66171875 0.34609375 0.02265625 0.03359375
0 0.953125 0.03203125 0.075 0.0640625
0 0.10078125 0.65078125 0.01640625 0.01875
0 0.22265625 0.8875 0.0109375 0.0109375
0 0.21484375 0.83515625 0.01171875 0.0125
0 0.525 0.85546875 0.01328125 0.0234375
0 0.8640625 0.80234375 0.0203125 0.02109375
0 0.890625 0.81015625 0.021875 0.02734375
0 0.81171875 0.9171875 0.01171875 0.0140625
0 0.98203125 0.87578125 0.03125 0.02890625
0 0.9015625 0.06484375 0.015625 0.02109375
0 0.021875 0.27421875 0.02421875 0.02421875
0 0.1578125 0.5765625 0.0203125 0.02421875
0 0.853125 0.95234375 0.01328125 0.0140625
0 0.9546875 0.11640625 0.01171875 0.009375