0 0.697144 0.346925 0.033066 0.045455
0 0.665832 0.383189 0.009018 0.021056
0 0.658818 0.474933 0.009519 0.012032
0 0.704785 0.480615 0.015281 0.022059
0 0.895165 0.059325 0.030812 0.036430
0 0.884895 0.079044 0.020291 0.037767
0 0.868612 0.141878 0.010772 0.013703
0 0.506137 0.032086 0.005762 0.027406
0 0.144163 0.339572 0.016283 0.022059
0 0.155185 0.003008 0.010271 0.006016
0 0.355962 0.024900 0.011523 0.010361
0 0.312751 0.024566 0.012275 0.011029
0 0.426478 0.086898 0.009770 0.009358
0 0.411323 0.208556 0.010020 0.016711
0 0.773422 0.347928 0.007265 0.010027
0 0.711924 0.432152 0.010521 0.020722
0 0.704284 0.405247 0.012275 0.008356
0 0.688502 0.553309 0.013277 0.016377
0 0.550977 0.546624 0.014279 0.016377
0 0.509895 0.616811 0.008267 0.012366
0 0.425852 0.335394 0.012024 0.019051
0 0.336799 0.351939 0.015281 0.014037
0 0.350701 0.424298 0.012525 0.019051
0 0.309619 0.391544 0.016032 0.019051
0 0.111097 0.348429 0.011273 0.020388
0 0.010521 0.482453 0.013026 0.019051
0 0.591308 0.376838 0.011774 0.015709
0 0.966182 0.813670 0.012024 0.012366
0 0.986222 0.787266 0.000000 0.001003
0 0.991358 0.489472 0.011774 0.017045
0 0.947144 0.263369 0.010020 0.014706
0 0.959168 0.237968 0.004509 0.013369
0 0.334544 0.274900 0.009269 0.015040