0 0.05390625 0.53203125 0.03515625 0.04375
0 0.23046875 0.51484375 0.01484375 0.021875
0 0.35390625 0.51484375 0.01484375 0.021875
0 0.26796875 0.5765625 0.0125 0.02421875
0 0.74453125 0.46953125 0.015625 0.01953125
0 0.7484375 0.53125 0.0078125 0.0140625
0 0.8734375 0.5640625 0.0078125 0.01640625
0 0.88203125 0.71953125 0.01875 0.01796875
0 0.7421875 0.7109375 0.02109375 0.02890625
0 0.7828125 0.57421875 0.009375 0.0078125
0 0.696875 0.6171875 0.0046875 0.00703125
0 0.1625 0.725 0.015625 0.01640625
0 0.97109375 0.4546875 0.0171875 0.0234375
0 0.98125 0.4859375 0.009375 0.0109375
0 0.9375 0.1703125 0.01484375 0.01640625
0 0.9828125 0.278125 0.00859375 0.01171875
0 0.65859375 0.703125 0.00859375 0.01171875