0 0.688375 0.136424 0.091250 0.095064
0 0.697750 0.228152 0.055000 0.045030
0 0.829625 0.340727 0.016250 0.036691
0 0.875875 0.457472 0.018750 0.040027
0 0.660875 0.467478 0.021250 0.020013
0 0.461500 0.127251 0.022500 0.026684
0 0.238375 0.910274 0.023750 0.025017
0 0.857125 0.600067 0.021250 0.021681
0 0.109000 0.302368 0.017500 0.026684
0 0.596581 0.260040 0.013000 0.017345
0 0.511581 0.244029 0.010000 0.010674
0 0.510331 0.257372 0.017500 0.018679
0 0.625831 0.378786 0.013500 0.021348
0 0.585483 0.338944 0.019141 0.028665
0 0.199146 0.278226 0.011328 0.012508
0 0.882773 0.084588 0.007422 0.010424
0 0.967930 0.485311 0.016797 0.010424
0 0.413301 0.805492 0.011328 0.010945
0 0.406465 0.945944 0.010156 0.018241
0 0.475605 0.928224 0.010937 0.015114
0 0.312617 0.579840 0.010547 0.009902