0 0.54921875 0.684375 0.04296875 0.05
0 0.48984375 0.5078125 0.02265625 0.0203125
0 0.515625 0.34375 0.01875 0.0203125
0 0.42578125 0.07265625 0.05390625 0.05546875
0 0.440625 0.0234375 0.0859375 0.04140625
0 0.18671875 0.07421875 0.02265625 0.0234375
0 0.284375 0.68515625 0.01875 0.021875
0 0.325 0.83203125 0.02265625 0.021875
0 0.8796875 0.89140625 0.01875 0.01640625
0 0.46015625 0.503125 0.01171875 0.01796875
0 0.340625 0.4421875 0.02578125 0.01328125
0 0.37109375 0.65703125 0.01640625 0.02109375
0 0.1421875 0.69296875 0.01171875 0.01640625