0 0.745875 0.650934 0.038750 0.053369
0 0.280875 0.948633 0.036250 0.045030
0 0.517750 0.925284 0.025000 0.038359
0 0.529043 0.903207 0.021875 0.043779
0 0.200937 0.882360 0.012500 0.018763
0 0.154844 0.880796 0.015625 0.026059
0 0.040694 0.986955 0.012500 0.020847
0 0.150937 0.704626 0.018403 0.014825
0 0.068125 0.403556 0.013889 0.015751
0 0.080972 0.019365 0.009028 0.006023
0 0.232400 0.098454 0.009028 0.020587
0 0.439553 0.129392 0.018750 0.023164
0 0.805942 0.047161 0.020833 0.018068
0 0.946493 0.416331 0.013542 0.021774
0 0.795701 0.529965 0.009459 0.014424
0 0.745363 0.506301 0.018243 0.017579
0 0.550439 0.845790 0.007095 0.012170
0 0.403153 0.456640 0.014103 0.020099
0 0.437127 0.458565 0.008974 0.018816
0 0.337163 0.758600 0.014744 0.016250
0 0.364567 0.657052 0.018910 0.015823
0 0.471619 0.710736 0.009295 0.011119
0 0.457356 0.735534 0.004487 0.014967
0 0.753962 0.517621 0.012179 0.016250
0 0.739219 0.565303 0.010256 0.018388
0 0.849155 0.645896 0.008974 0.013684
0 0.830885 0.602919 0.010897 0.016678
0 0.781206 0.625156 0.008333 0.017533
0 0.823994 0.792741 0.007372 0.011546
0 0.367095 0.867417 0.006731 0.011546
0 0.419054 0.536517 0.010577 0.011119
0 0.237973 0.675670 0.010256 0.011119