0 0.32940587604049465 0.535079415964067 0.09937693843583925 0.09691469473518968
0 0.2270572799508964 0.766644385294028 0.03958414101493304 0.04031746515360961
0 0.2818486235449232 0.7842336785779389 0.0563760661397116 0.05336310217691835
0 0.409995846090608 0.7213021473597456 0.04231356613971151 0.052872028855940556
0 0.22796438851936163 0.21958584681944063 0.04500096921791972 0.048293656260602266
0 0.3512560228787643 0.22545887930357825 0.018937887687167886 0.01935020072563942
0 0.05466285440951606 0.18688493030721937 0.06906395382687947 0.07249504809323426
0 0.080716036189825 0.1344965402886859 0.025042022046570533 0.01800595553496285
0 0.09341382362743571 0.1412103317584982 0.022208753327765195 0.021021828130301134
0 0.10183827391875402 0.2692634098887993 0.029188081530751787 0.02905258293962456
0 0.26693799833662235 0.4905729586150057 0.020937984608959858 0.02409226442797028
0 0.3489433912237388 0.7371974766711731 0.02562548460895986 0.024255955534962938
0 0.37069353660642673 0.7309028366526397 0.030604715890154476 0.02754464664195542
0 0.2898391114816482 0.7406200878337661 0.02918808153075183 0.029052582939624472
0 0.30201646942672544 0.727720783750082 0.01552115640597318 0.01611607332097762
0 0.15857921173120532 0.7109548912844778 0.03304240973373838 0.036974210344286364
0 0.04901874708883658 0.6083705499073327 0.024208850249557146 0.02576389183263199