0 0.7630800921305545 0.5574419177382147 0.052401830066018465 0.04813366311182747
0 0.7105791001890729 0.6414382151638485 0.04064412384546294 0.03812162628012441
0 0.9450047439212492 0.49575180176967243 0.034940927992499836 0.04400760523343692
0 0.9931566245525227 0.5166327201431716 0.013686750894954613 0.021404563140062293
0 0.6128881451462959 0.2533319994353026 0.03894492280870363 0.036468121018452496
0 0.7168347684261109 0.14435038353734764 0.03228481969842587 0.03141659997176509
0 0.4251037640907864 0.34577158646464967 0.02915981969842587 0.031234589448421436
0 0.9780920630540273 0.7174293806947502 0.0438158738919455 0.04564569994353036
0 0.9842538801605549 0.7900779254189609 0.031492239678890144 0.08690773677523307
0 0.8579839060795363 0.4339427755319004 0.03880822177194432 0.034905621018452494
0 0.8447306333181009 0.5489839466068227 0.022226314514629662 0.023058068401734032
0 0.26659040315833143 0.9892892841302799 0.026171520735185094 0.021421431739440066
0 0.5294679268147214 0.4458996600574684 0.01583961347787035 0.02113154735504672
0 0.40937358294074055 0.14820634172632152 0.025761417624907423 0.02792757892507778
0 0.3627139049482406 0.10351619703034567 0.01699201036759259 0.01653505261671846
0 0.8728322582948594 0.8879554413451508 0.0223630155513888 0.024620568401734034
0 0.6779450915649067 0.40169317570130963 0.017265412441111037 0.01966005261671846