0 0.4877802382288772 0.194698334235129 0.11235572402541756 0.09160646048240983
0 0.7969911915547183 0.47023371713895 0.03163182954530477 0.02479231281194636
0 0.7385786736978108 0.44125574584105093 0.026971603084255058 0.025917215890154565
0 0.7252507848997407 0.35016223814553077 0.023655688311602675 0.01468798460895986
0 0.3735523226454459 0.061377727537837476 0.02217500892845372 0.019229618968362505
0 0.35449045129724627 0.17975316368590133 0.023710235389503433 0.017812984608959814
0 0.5099495186676863 0.11985409962616918 0.02373750892845372 0.019375484608959815
0 0.6462393948838547 0.30667427017539683 0.028479556006354302 0.02293808153075183
0 0.3417854943146619 0.48299311855277055 0.02217500892845372 0.019229618968362415
0 0.06794897930042346 0.21667575873550984 0.02093979139585782 0.03783375332776515
0 0.21332393465815472 0.11702688851936158 0.014335235389503431 0.016937790765375917