0 0.4359375 0.5498274639757428 0.0171875 0.039508930631780716
0 0.46015625 0.7173091980855062 0.025 0.0388595809189539
0 0.834375 0.1712255493299164 0.0453125 0.050608771665603756
0 0.753125 0.1861910623165163 0.0328125 0.0413352312061269
0 0.68125 0.03756079495850852 0.025 0.037297080918953805
0 0.23125 0.21281450149967723 0.0234375 0.026176950861519187
0 0.7046875 0.5137275940969893 0.0234375 0.03555195086151919
0 0.53125 0.30821828047223143 0.0140625 0.021956170516911476
0 0.4859375 0.43538955213783515 0.0140625 0.018831170516911654
0 0.0953125 0.2552658164964886 0.025 0.027922080918953807
0 0.05078125 0.432345773133375 0.009375 0.01828328034460771
0 0.3640625 0.8433846966177351 0.0109375 0.02159091040204224
0 0.29765625 0.7238027240587062 0.0078125 0.011850650287173003
0 0.92890625 0.6093951808551223 0.0140625 0.011018670516911655
0 0.490625 0.7371854119655314 0.0125 0.013961040459476947
0 0.77734375 0.2661727964262798 0.015625 0.022138800574346185
0 0.896875 0.08423284703253184 0.0140625 0.02195617051691152
0 0.00859375 0.2646205346841096 0.0140625 0.011018670516911477
0 0.265625 0.15020289023611572 0.0109375 0.015340910402042284
0 0.26953125 0.22474631509252915 0.0078125 0.013413150287173003