0 0.15546875 0.13203125 0.0125 0.01640625
0 0.02265625 0.23359375 0.01484375 0.0203125
0 0.1125 0.45703125 0.01484375 0.021875
0 0.51875 0.64765625 0.02890625 0.03359375
0 0.5234375 0.58671875 0.0265625 0.01875
0 0.84921875 0.38046875 0.01875 0.0234375
0 0.87890625 0.42109375 0.0171875 0.0203125
0 0.95703125 0.70078125 0.01640625 0.046875
0 0.87578125 0.78671875 0.01875 0.03515625
0 0.75703125 0.6046875 0.0109375 0.01015625
0 0.95703125 0.7640625 0.01875 0.01640625
0 0.8 0.2953125 0.0109375 0.009375
0 0.7140625 0.28359375 0.0109375 0.01171875
0 0.3015625 0.63125 0.0109375 0.01328125
0 0.33359375 0.59609375 0.00546875 0.0109375
0 0.08984375 0.50078125 0.01015625 0.01171875
0 0.08359375 0.509375 0.0109375 0.0109375