0 0.429000 0.414943 0.012500 0.035023
0 0.432125 0.246497 0.021250 0.031688
0 0.855875 0.690961 0.038750 0.040027
0 0.776500 0.694296 0.027500 0.033356
0 0.724625 0.856071 0.021250 0.030020
0 0.272750 0.790194 0.020000 0.021681
0 0.690250 0.387425 0.020000 0.030020
0 0.548906 0.627671 0.012500 0.017472
0 0.489978 0.514897 0.012500 0.014295
0 0.137167 0.781035 0.021667 0.021125
0 0.073833 0.618475 0.007500 0.016122
0 0.103417 0.026851 0.010000 0.006671
0 0.049458 0.051312 0.008750 0.011119
0 0.324396 0.146375 0.009167 0.017790
0 0.275854 0.277852 0.006250 0.010563
0 0.894125 0.242551 0.012083 0.007783
0 0.458534 0.219783 0.010897 0.010263
0 0.789896 0.610996 0.013462 0.018388
0 0.926149 0.760130 0.012838 0.018481
0 0.928345 0.885231 0.011149 0.017129
0 0.052939 0.791249 0.012500 0.007663
0 0.313345 0.843469 0.010256 0.013257
0 0.307897 0.770365 0.005769 0.012829