0 0.7777404655321278 0.8680730976190498 0.09006449400955016 0.07904475478036196
0 0.4718054679791986 0.6824722524640101 0.030560519237293703 0.026902461443336988
0 0.47958076244423575 0.7064604649870814 0.03234127404661713 0.033252590992986344
0 0.28196918557987893 0.4682934292081956 0.032286710344286276 0.03169009099298634
0 0.05527767769051263 0.7489567365817648 0.025873019237293682 0.026602072794389288
0 0.13140370118897557 0.5197186219915102 0.019131945916315996 0.012139054595791876
0 0.18263138449141983 0.48776651758028844 0.02716270072563942 0.018889702344038462
0 0.15062741634258525 0.4849326118124774 0.01778770072563942 0.018288925046142525
0 0.11786702396179911 0.3019606230712443 0.02074900961864685 0.013801684145441228
0 0.1548957980084162 0.27301360271317876 0.011210318511654282 0.00851340684754529
0 0.08923110327322659 0.3596334207272059 0.019241073320977707 0.015264054595791877
0 0.6495484889457728 0.9514689836471041 0.019186509618646853 0.013701554595791875
0 0.5067534199707824 0.42162439003322394 0.03664682813030105 0.0226154796419344