0 0.1094616747091866 0.3537303910659254 0.038021641014933036 0.041868506667959784
0 0.15503378369425355 0.3968105824314133 0.02962567845254376 0.03498077787978708
0 0.003504011751581014 0.6490750998502188 0.007008023503162028 0.05462359818322895
0 0.022112594010628546 0.6063772878817268 0.03627125332776518 0.02311850666795969
0 0.8431418918471267 0.260902712456629 0.04539654409314124 0.03781873545613248
0 0.8173087200501132 0.2509219345768419 0.021917022046570624 0.018845594849248925
0 0.735194637479372 0.21981571366457694 0.014104522046570622 0.018207866061076317
0 0.7563205097754995 0.17903121699855687 0.016646059484181207 0.012212957576345352
0 0.4071314590268281 0.2260986960765936 0.018500290765375915 0.015465503333979846
0 0.20652819696355312 0.1656402018264695 0.018937887687167886 0.02015300333397989
0 0.04281177308656027 0.0389188498502188 0.010250193843583933 0.010140274545807215
0 0.003630787438115606 0.9683351539428031 0.007261574876231212 0.01964282030344151
0 0.549855761024295 0.9824436462360732 0.026021059484181208 0.012978232122152633
0 0.5549190363986307 0.9450711919937078 0.011958559484181208 0.01183032030344151
0 0.8331787907663856 0.9959008841081015 0.012396156405973358 0.008198231783796927
0 0.8825965397263961 0.9513519824605083 0.024750290765376094 0.01597568636451783