0 0.9791584712787262 0.5931022319899967 0.03666784034363317 0.0461537341605581
0 0.8002964868825586 0.5665840186125589 0.016771420171816587 0.022967606436617417
0 0.6762005676152533 0.5602415474414508 0.016771420171816587 0.022967606436617417
0 0.7668532230877487 0.6265163934865081 0.013810194482076099 0.02587408514929379
0 0.28036244515944453 0.49286411523869367 0.016607645861557073 0.019842606436617415
0 0.28129418136463463 0.555200224273201 0.008549484396167806 0.014608803218308708
0 0.15813664235505406 0.5816156227802622 0.008631371551297517 0.01617130321830871
0 0.16003441429046436 0.7366473302056153 0.01973264586155703 0.020061127723940864
0 0.2993049542045561 0.7354886578133406 0.02334896879233552 0.02965464901126431
0 0.2492120217082677 0.5965464901126429 0.00978443577564878 0.00846806386197052
0 0.33888203131920613 0.6440713361577 0.005015048620519024 0.006577781930985083
0 0.8831034220923805 0.7802037582209987 0.016443871551297562 0.016717606436617415
0 0.05170517865110118 0.4667558112640803 0.020060194482076032 0.026311127723940685
0 0.04396792175369622 0.49735024740211 0.00994821008590827 0.011593063861970343
0 0.06554419210722684 0.18127713317182245 0.016443871551297517 0.01671760643661733
0 0.02756723654387434 0.28837408514929386 0.010030097241038016 0.013155563861970431
0 0.3839698812737776 0.7320683628929052 0.010030097241038049 0.013155563861970343