0 0.8114702694398194 0.49440210989482714 0.04858735731976367 0.07136716014423605
0 0.7710079352794196 0.5067559863197229 0.023548815963434677 0.03644664627652787
0 0.7262819402418182 0.42594109099312566 0.027799668320799498 0.027180749050069508
0 0.23886117700725196 0.3121415497712502 0.020132717535011314 0.030123911094166723
0 0.11135895347638462 0.5140832966371182 0.018206344499481997 0.022275043502986237
0 0.48737995202864254 0.4673064009292712 0.015226893713693812 0.02532730832062491
0 0.5401731581911143 0.5428343842117712 0.00981164764263518 0.009593205547083272
0 0.4968319189444813 0.6841672458190282 0.014863020678164317 0.017514808320625085
0 0.5130926197302695 0.687674105526424 0.011519696856846905 0.012754573138263937
0 0.35879041749673923 0.6254254126127782 0.017988020678164407 0.017587543502986237
0 0.365016838713023 0.7100368019554517 0.02096747146395277 0.014535278685347208
0 0.2884928800693518 0.6738434223964239 0.021258569892376133 0.020785278685347207
0 0.22059055831494884 0.4861239104285765 0.01784247146395277 0.014462543502986236
0 0.180436439208361 0.5086522206490627 0.03506851282028158 0.04920121941479163
0 0.13745488068852435 0.42396744291364596 0.014790246071058588 0.015952308320625087
0 0.2390473058337495 0.5264404391139238 0.008321922249741043 0.011119337955902786
0 0.2089616995474432 0.5007130872903127 0.004978598428423453 0.006359102773541636
0 0.20414576695862002 0.5201534183123613 0.006541098428423453 0.0063954703647222996
0 0.2162818939230907 0.5282568590418057 0.006541098428423453 0.0063954703647222996
0 0.2214424288692788 0.5182097118153475 0.005051373035529316 0.007921602773541637
0 0.284852111458102 0.5001331654625697 0.013300520678164496 0.017478440729444423
0 0.28584953122664364 0.5290939668493405 0.011446922249741042 0.011192073138263935
0 0.28888463999414926 0.5143047682361115 0.00981164764263518 0.009593205547083272
0 0.32405800661953776 0.5315474728332642 0.006541098428423453 0.0063954703647222996
0 0.3722600661728317 0.520937934364271 0.006541098428423453 0.0063954703647222996
0 0.3269753372652809 0.6536224945847573 0.008394696856846906 0.012681837955902785
0 0.23469579198001062 0.6702449905006947 0.013009422249741043 0.0112284407294446
0 0.15081309760436312 0.6409192067813543 0.009957196856846817 0.012718205547083273
0 0.4494604210113959 0.4922330125365281 0.011665246071058632 0.015879573138263936
0 0.680164611458102 0.5093341660312506 0.015008569892376044 0.020639808320624908
0 0.7293320115819364 0.4612064437666673 0.011519696856846905 0.012754573138263937
0 0.6509287216733497 0.5493227331855909 0.011446922249740865 0.011192073138263935
0 0.5722878372652809 0.6593322064001047 0.006541098428423453 0.0063954703647222996
0 0.6517934007475162 0.665093203550313 0.006832196856846906 0.0126454703647223
0 0.6378036753546221 0.6632033952296881 0.008103598428423453 0.006431837955902786
0 0.5275746507475162 0.6622019800514588 0.00824914764263518 0.009556837955902786
0 0.5590108953708327 0.5917628466927088 0.008394696856846906 0.012681837955902785
0 0.620213876759583 0.4195618447928478 0.009957196856846906 0.012718205547083273
0 0.5966137109199827 0.4057168971295491 0.014717471463952591 0.014389808320625086
0 0.5025683043860074 0.47704507684107683 0.005051373035529138 0.007921602773541637
0 0.9346273254784567 0.620839936167223 0.01144692224974122 0.011192073138263935
0 0.927379905709915 0.5917336644157299 0.009811647642634824 0.009593205547083272