0 0.5571310035484691 0.9247616517626416 0.033252115756780755 0.03637759099298634
0 0.5039282217666765 0.7156858428479129 0.0370295631400623 0.0210529796419344
0 0.4473163877916885 0.9660455906884448 0.014244510523343657 0.004026165946844173
0 0.5886154929545382 0.8519156346437784 0.017915542093374804 0.013601425046142524
0 0.5843144008046937 0.8054912176172003 0.021040542093374803 0.013801684145441228
0 0.9267698134224108 0.21769681678663472 0.0306885578783902 0.019089961443337168
0 0.8476962344267459 0.17217236814322406 0.017915542093374627 0.013601425046142524
0 0.8381986790380171 0.04124254318936659 0.014881547355046366 0.014963665946843896
0 0.6419999712725664 0.1892456539221098 0.02434755261671846 0.0171269432447398
0 0.7657027817817926 0.16341673427463807 0.013137036831702887 0.011738536397194554
0 0.47903026343652827 0.26117761798634054 0.01488154735504672 0.014963665946843906
0 0.05889133966018294 0.19158792026578056 0.016626057878390332 0.01818879549649317
0 0.9136287164344175 0.6170459747139141 0.009921031570031148 0.009975777297895939