0 0.14379895786620944 0.3173980975784616 0.035746052425594324 0.03919334430002106
0 0.1874215410465288 0.3525906414355744 0.029113415152690704 0.03388568348096941
0 0.023200446946185862 0.6176355902737619 0.04158146424430513 0.053720964914309735
0 0.05867543240231832 0.5722697660761222 0.03434304909161443 0.02200584430002106
0 0.8507340972651448 0.11551518635658627 0.04304836939505634 0.0337185453238356
0 0.8248730989321349 0.1095571198375557 0.020025457576345218 0.017485482457154866
0 0.7464450810542875 0.09254169038284543 0.013775457576345218 0.01686532163810326
0 0.7668849978739681 0.05099249813045346 0.016517820303441687 0.012487902047629085
0 0.43027807605331764 0.14948602154018986 0.014955320303441688 0.012332861842866194
0 0.23788315302471918 0.12363106723793478 0.018590503333979845 0.018892942252391975
0 0.08156899333204022 0.026002828942802987 0.010395366061076272 0.013430241228577444
0 0.03576525132863421 0.9193833753594521 0.01246804909161443 0.019835281433340412
0 0.5640496190567005 0.8460410763543521 0.024330320303441864 0.013263103071443539
0 0.5685456714822947 0.8099485361495894 0.01014027454580706 0.0103052412285777
0 0.8367058690567003 0.818986560623225 0.012212957576345218 0.016710281433340413
0 0.8837560833010055 0.7647229549922449 0.023022911818710766 0.016233062866680824
0 0.8603985895099233 0.8515071271422554 0.014572683030538158 0.007645361842866194