0 0.5688123796973076 0.8434049712188812 0.05104086829088228 0.04628653178047273
0 0.5301992651070531 0.9163960477983333 0.04459060919158375 0.04243101155073461
0 0.36487014959394787 0.6578733382259042 0.032551684145441226 0.02396510114869237
0 0.19353417257290717 0.7723518497447328 0.04439035009228505 0.03930601155073461
0 0.2529487453672963 0.7905945376196521 0.04156573874123311 0.0436282514358652
0 0.8328577745201187 0.14901572996169715 0.0288654796419344 0.03904221097638842
0 0.7230450786544853 0.009024916991060044 0.019951554595791877 0.018049833982120088
0 0.6122272085086765 0.5628448989789314 0.014863536397194465 0.014143670516911655
0 0.3183944702288687 0.7309963150925292 0.016826554595791875 0.020576300574346184
0 0.3424432395072002 0.7132304841735754 0.021413925046142524 0.01956169074664995
0 0.1383834885843495 0.3907568858647078 0.04791586829088237 0.04592127166560385
0 0.06005703192137439 0.4581574638800251 0.024939443244739824 0.026176950861519187
0 0.16052021590993207 0.8344561560944463 0.01975129549649317 0.017816560689215423
0 0.5618207024916968 0.8694094365347717 0.026301684145441227 0.023234580918953897