0 0.7546965388502427 0.45616721591433346 0.05447060087368065 0.05873980032431163
0 0.7074214953472565 0.47417292208284356 0.019295513867708357 0.02376478246740419
0 0.6540224319926384 0.5539791988682048 0.014426175911805571 0.01587046185055314
0 0.6924303153513884 0.5814223603944463 0.025618249050069507 0.026998876623205346
0 0.749471363507118 0.07672517776488647 0.019404616641249994 0.028452282467404076
0 0.26674782285392346 0.181986790992116 0.025618249050069507 0.026998876623205437
0 0.618549978248507 0.0028711481352085345 0.015988675911805573 0.005742296270417069
0 0.6492349741644443 0.08862693425770822 0.012790940729444422 0.012718188311602718
0 0.5726523307377082 0.1914849273578494 0.017660278685347208 0.020612508928453722
0 0.8225373490707287 0.4940296802005185 0.0112284407294446 0.012690914772652384
0 0.7238446227220828 0.5402655263849147 0.020894381458888844 0.0253545560063543
0 0.7307310555677426 0.5128126822291132 0.015952308320624907 0.014335235389503254
0 0.6395403982732981 0.6393536371798076 0.020821646276527873 0.0222295560063543
0 0.5209371750587841 0.5680161996789838 0.02238414627652787 0.02225682954530477
0 0.44808025009690916 0.6114582824706993 0.014426175911805571 0.01587046185055314
0 0.5197974748300345 0.31501393060426025 0.020821646276527873 0.02222955600635439
0 0.43142595906246506 0.28688102232442964 0.02238414627652787 0.02225682954530477
0 0.40555248366374974 0.35839751217815985 0.020821646276527873 0.022229556006354477
0 0.3863855627859373 0.30953331818451435 0.023983013867708357 0.02384660308425506
0 0.2325728446054165 0.1739930588490235 0.022456881458888845 0.025381829545304768
0 0.07234255300229146 0.24707382305248302 0.02242051386770836 0.023819329545304767
0 0.6451585379003121 0.4315275004103324 0.01922277868534721 0.020639782467404187
0 0.46979943446118033 0.21514634415909661 0.01606141109416672 0.019022735389503432