0 0.6327948191074813 0.4833584582844367 0.17208829679055845 0.1402017153566284
0 0.5251725365813276 0.5489736481212558 0.06542156798575327 0.06543666846619481
0 0.7046566045670808 0.5967688402331601 0.04510906798575327 0.06389747925407559
0 0.8725588158290407 0.6706296248765317 0.14085039474292954 0.122327131123531
0 0.6083979495860061 0.41200459915622983 0.03560322368573239 0.03061138257342364
0 0.7637687993790092 0.6292844196923728 0.03107076389049528 0.031818685062934546
0 0.9137127759692728 0.284181716783299 0.025763103071443538 0.02521348755244528
0 0.9337057968194727 0.5967292609744401 0.017330442252391977 0.018371491701630306
0 0.9622222131315065 0.7968593155385435 0.025763103071443538 0.02521348755244528
0 0.9377818841887035 0.8837206981119671 0.025608062866680825 0.023650987552445456
0 0.3490328143623179 0.6221421514452482 0.030128424709546842 0.03795028589277152
0 0.5029798245715489 0.15079625724946258 0.014050402047629085 0.0165721933613042