0 0.5209715479758665 0.5080506684111378 0.1536772717116218 0.11768355172143127
0 0.4430220223353035 0.6023611744015877 0.0557448858558109 0.05810516587924912
0 0.6197493422276796 0.5881870909138088 0.037140435070022626 0.06057540145127884
0 0.7951667191921503 0.6021380074260302 0.12504284946188093 0.10576390507947586
0 0.47827893383167747 0.450218321043543 0.032487168320799495 0.02765377404661713
0 0.6841564445850444 0.5998264845605394 0.027872442927905538 0.029052582939624472
0 0.7191544526478151 0.23482896713734425 0.021331344499482086 0.022584328130301135
0 0.8290387591007372 0.5133309677703164 0.014790246071058633 0.01611607332097762
0 0.9132574396226458 0.6876439762078369 0.022893844499482084 0.022638891832631992
0 0.9169945616247176 0.7754167947194912 0.022748295285270358 0.01951389183263199
0 0.952653771716131 0.866651919128928 0.013154971463952591 0.014499009618646853
0 0.3033879799455173 0.7273834778522994 0.025038541356328815 0.035193455534962934
0 0.3047088089341214 0.24539686787083287 0.011592471463952769 0.014444445916315996
0 0.23717036021524773 0.04897324645662094 0.014426373035529317 0.008303573320977697