0 0.258392 0.384024 0.021293 0.026738
0 0.332791 0.724265 0.044840 0.053476
0 0.940882 0.726771 0.041082 0.045120
0 0.523672 0.383356 0.011774 0.011364
0 0.555361 0.379178 0.008016 0.010361
0 0.929484 0.453209 0.012776 0.018048
0 0.177104 0.372159 0.008016 0.012366
0 0.164830 0.433656 0.013527 0.015040
0 0.092184 0.537433 0.010521 0.012701
0 0.003257 0.560328 0.006513 0.012366
0 0.044088 0.792447 0.006513 0.008690
0 0.124123 0.689171 0.005762 0.011364
0 0.374875 0.177807 0.009770 0.009358
0 0.020666 0.242814 0.008768 0.011698