0 0.552031 0.182541 0.013710 0.011836
0 0.407878 0.151606 0.010081 0.012374
0 0.612515 0.044008 0.017742 0.023134
0 0.481064 0.077901 0.008065 0.011298
0 0.817500 0.833124 0.019355 0.016140
0 0.467314 0.954939 0.020565 0.036046
0 0.016613 0.852989 0.012097 0.016140
0 0.020444 0.867515 0.016532 0.022596
0 0.151895 0.701275 0.010887 0.012912
0 0.081532 0.710421 0.008065 0.010760
0 0.108750 0.857831 0.010887 0.009684
0 0.258347 0.932612 0.007661 0.017216
0 0.589920 0.719054 0.024359 0.026086
0 0.346102 0.762887 0.015385 0.022237
0 0.020897 0.648082 0.010897 0.011546
0 0.038205 0.596552 0.012821 0.019671
0 0.284391 0.640171 0.017628 0.016250
0 0.326378 0.592917 0.010577 0.016678
0 0.651178 0.030490 0.004487 0.022237