0 0.12032733585003141 0.33054561715304265 0.04533234736759484 0.04684028366526398
0 0.13416660264025443 0.4705158527250724 0.03261409255827141 0.04015377404661713
0 0.025753901914614984 0.4914682481859015 0.01951389183263198 0.022529764427970278
0 0.3452008171608919 0.5497593755057452 0.01482639183263199 0.02236607332097762
0 0.34624499510585854 0.31875491216623403 0.01940476442797028 0.01940476442797028
0 0.326356624957591 0.15090521325469314 0.021294646641955416 0.028834328130301134
0 0.30276286833416904 0.20088785508732512 0.017842264427970277 0.01935020072563942
0 0.5169543431064255 0.14502969157032872 0.07449405771188111 0.07750993030721935
0 0.5280406321291672 0.2968005226958547 0.013263891832631814 0.022311509618646853
0 0.5366244584453698 0.3191293904818696 0.011755955534962937 0.023819445916315997
0 0.5778496591710092 0.30052323422126737 0.01299107332097762 0.014499009618646853
0 0.6293228791339422 0.25658969574667995 0.023730165879249122 0.05388889183263199
0 0.6252876543616857 0.30510904130017624 0.03606647477225646 0.049637901451278846
0 0.48101432078908896 0.4591839608076224 0.009920637023308565 0.01595238221398514
0 0.42193945426901847 0.20686998185901465 0.009811509618646852 0.012827382213985139
0 0.675334783580446 0.25732381652791975 0.01778770072563951 0.01778770072563942
0 0.6001735485565703 0.4433183694304773 0.016334328130301046 0.02085813702330839
0 0.5014855666127377 0.34220479193314846 0.022638891832631992 0.022638891832631992
0 0.5170361555428121 0.3884795912075091 0.019732146641955238 0.028779764427970277
0 0.4452231868458233 0.18811005817521725 0.009811509618646852 0.012827382213985139