0 0.56015625 0.5140625 0.1296875 0.08671875
0 0.4734375 0.59453125 0.04375 0.046875
0 0.64453125 0.60390625 0.0234375 0.053125
0 0.809375 0.640625 0.10390625 0.08046875
0 0.33984375 0.9875 0.0140625 0.02265625
0 0.52578125 0.45390625 0.0265625 0.02109375
0 0.70390625 0.6234375 0.02109375 0.0234375
0 0.7828125 0.2796875 0.01640625 0.01875
0 0.853125 0.56171875 0.01171875 0.01328125
0 0.91171875 0.7390625 0.01796875 0.0171875
0 0.90390625 0.82265625 0.01875 0.01640625
0 0.92734375 0.91484375 0.0109375 0.01171875
0 0.325 0.69453125 0.0171875 0.03046875
0 0.3859375 0.234375 0.01015625 0.01328125
0 0.346875 0.0328125 0.01328125 0.01484375