0 0.830912 0.497493 0.038577 0.066511
0 0.790957 0.507520 0.018788 0.033088
0 0.750251 0.424967 0.025050 0.025067
0 0.275927 0.281584 0.016283 0.028409
0 0.142786 0.472594 0.015030 0.020053
0 0.513778 0.449866 0.012024 0.023396
0 0.562375 0.527574 0.008016 0.009024
0 0.514654 0.663937 0.011273 0.015040
0 0.529935 0.668951 0.009269 0.013035
0 0.381388 0.598095 0.014279 0.015040
0 0.383642 0.681818 0.018788 0.012701
0 0.310120 0.641377 0.018036 0.018048
0 0.250877 0.451537 0.015281 0.012701
0 0.211047 0.471591 0.027806 0.045455
0 0.172345 0.385862 0.013026 0.013703
0 0.267911 0.493650 0.007265 0.010695
0 0.239354 0.465408 0.004259 0.007019
0 0.234218 0.484626 0.005010 0.006684
0 0.245115 0.492981 0.006764 0.006016
0 0.250877 0.484291 0.004760 0.008021
0 0.314128 0.470421 0.011022 0.014372
0 0.313001 0.498329 0.009269 0.010027
0 0.317134 0.483790 0.010020 0.007687
0 0.350451 0.503342 0.005511 0.005348
0 0.398171 0.495321 0.005762 0.005348
0 0.349324 0.622995 0.005261 0.012032
0 0.257390 0.634024 0.011273 0.010027
0 0.176478 0.600602 0.007766 0.013369
0 0.003883 0.544285 0.007766 0.021056
0 0.475576 0.472426 0.008768 0.015709
0 0.701779 0.503844 0.013277 0.018382
0 0.751127 0.459559 0.009770 0.011364
0 0.670967 0.541277 0.008267 0.011029
0 0.589053 0.644719 0.005261 0.006684
0 0.666708 0.655582 0.004259 0.011698
0 0.690130 0.634358 0.000000 0.000668
0 0.653682 0.652239 0.007766 0.006350
0 0.658317 0.625668 0.000501 0.000000
0 0.545716 0.644719 0.007265 0.008690
0 0.579158 0.576872 0.007014 0.011364
0 0.645792 0.411765 0.008016 0.011364
0 0.623497 0.396390 0.011523 0.013369
0 0.528682 0.461063 0.004760 0.007687
0 0.550977 0.477607 0.000752 0.000000
0 0.947019 0.629679 0.009770 0.010027
0 0.940757 0.599933 0.008768 0.007353