0 0.7858400489182289 0.316747983835678 0.08931837955902786 0.08067098997087019
0 0.879460802717951 0.4202019412783831 0.03986258700597247 0.035511602665567035
0 0.9303875230826734 0.41247435781314595 0.05908536569131968 0.05636967194503928
0 0.1703839287615972 0.05906144827150508 0.050945557370694505 0.04207985141192579
0 0.23870720972805515 0.5114530108870596 0.022311411094166723 0.01938649749271768
0 0.24603201329902746 0.364464350620503 0.020639808320624998 0.014653533386094875
0 0.3467398749062844 0.39822793369002873 0.020785278685347207 0.020903533386094787
0 0.774923998765729 0.14842989284859348 0.020858013867708358 0.024028533386094876
0 0.9176381756274651 0.15520742709261814 0.017660278685347208 0.020812605172849486
0 0.9291900054152429 0.3297527860263913 0.01446254350298588 0.017596676959604096
0 0.9152366081887845 0.32547446298599547 0.01758754350298588 0.01768760517284953
0 0.7977185338162496 0.5108018607161398 0.01751480832062491 0.014562605172849529
0 0.4560817733670136 0.22875285649299776 0.015843205547083274 0.009829641066226812
0 0.38555488098711727 0.9779548861181688 0.020785278685347207 0.02090353338609461
0 0.3973840401814228 0.9057843694251215 0.019113675911805572 0.016170569279472247
0 0.41064710638583257 0.9061791745188288 0.013045513867708358 0.023801212852981736
0 0.4748011785741659 0.8668378782006101 0.02391027868534721 0.020994461599340042
0 0.23811683653420057 0.9728762441940123 0.017587543502986146 0.017687605172849175
0 0.7193448395714234 0.22187340452707596 0.011192073138263935 0.011255748746358752