0 0.8787262359413734 0.47741771764168633 0.026164393713693813 0.02674817029858776
0 0.40653644293241464 0.8849938149472513 0.03768409057054054 0.040012994804219916
0 0.405810850914132 0.8671343255909129 0.04891268899896399 0.047027819309852247
0 0.3839165802359676 0.8857968442803464 0.03917381596343468 0.03855975544788137
0 0.3453315390845265 0.527175597130338 0.05530823821317572 0.05058986188449914
0 0.20461653205521318 0.8064474699106002 0.07478598428423436 0.06752598960843983
0 0.32016025703382256 0.6496351051761096 0.053600188998963995 0.04735560124083733
0 0.2150939214256807 0.6149319592669384 0.04080909057054054 0.040231516091543365
0 0.7497943689017001 0.31979052396208807 0.026237168320799496 0.02831067029858776
0 0.7771979691921503 0.5172228988360373 0.024529119106587772 0.025076409654926125
0 0.7416349966947403 0.6287284813874411 0.04415241439185813 0.04513753737886681
0 0.2788032028572121 0.7350698606239913 0.016352746071058542 0.016717606436617415