0 0.3789466357350112 0.13839152790931153 0.020430674668035033 0.020903533386094873
0 0.9612596868664793 0.10688940762626023 0.04891019867214012 0.08265938730530316
0 0.9119080848981305 0.39690900237426846 0.0298420361043533 0.02742631802583091
0 0.896228542743653 0.40582936130804165 0.033030668617910666 0.03845474623907634
0 0.9211649102300956 0.4174942870140045 0.026735216822513053 0.030460389812585476
0 0.6199558924725064 0.6165776785424498 0.033076120413308985 0.04626724623907634
0 0.9176303231906656 0.6221135908540705 0.042551114363184796 0.06372753087881247
0 0.7365666755517978 0.5848085044858395 0.026844301131468205 0.04921038981258548
0 0.7460593293389858 0.6991665211788869 0.026753397540672096 0.03358538981258565
0 0.28874784085005895 0.3311125738318187 0.02353749394987581 0.01786946159934022
0 0.4519432533196497 0.21630959092057753 0.02041249394987581 0.017778533386094874
0 0.5637801779876848 0.1992477745440992 0.03144089754067192 0.03372178213245362
0 0.827991106269957 0.5843431547232664 0.012572722872636888 0.01286371285298138