0 0.41328125 0.53125 0.01328125 0.01796875
0 0.7109375 0.32265625 0.01796875 0.0234375
0 0.13671875 0.125 0.01015625 0.01484375
0 0.05078125 0.5359375 0.015625 0.01640625
0 0.1078125 0.5921875 0.0234375 0.025
0 0.221875 0.55859375 0.015625 0.0203125
0 0.47578125 0.865625 0.01171875 0.01875
0 0.88515625 0.07734375 0.01171875 0.01171875
0 0.9109375 0.01796875 0.0359375 0.034375
0 0.9296875 0.39140625 0.02890625 0.04921875
0 0.93359375 0.4234375 0.0140625 0.0203125
0 0.9890625 0.45703125 0.0125 0.01875
0 0.99140625 0.5078125 0.009375 0.01796875
0 0.31171875 0.95625 0.0171875 0.02109375