0 0.25859375 0.384375 0.02109375 0.0265625
0 0.3328125 0.72421875 0.04453125 0.053125
0 0.940625 0.7265625 0.04140625 0.0453125
0 0.5234375 0.38359375 0.01171875 0.01171875
0 0.55546875 0.37890625 0.0078125 0.01015625
0 0.9296875 0.453125 0.0125 0.01796875
0 0.17734375 0.371875 0.0078125 0.0125
0 0.16484375 0.43359375 0.01328125 0.01484375
0 0.0921875 0.5375 0.01015625 0.0125
0 0.003125 0.56015625 0.00625 0.0125
0 0.04375 0.7921875 0.00625 0.00859375
0 0.12421875 0.6890625 0.00546875 0.01171875
0 0.375 0.178125 0.01015625 0.009375
0 0.0203125 0.24296875 0.00859375 0.01171875