0 0.68828125 0.13671875 0.09140625 0.09453125
0 0.69765625 0.228125 0.0546875 0.0453125
0 0.8296875 0.340625 0.01640625 0.03671875
0 0.87578125 0.4578125 0.01875 0.03984375
0 0.6609375 0.46796875 0.02109375 0.0203125
0 0.46171875 0.12734375 0.02265625 0.0265625
0 0.23828125 0.91015625 0.0234375 0.025
0 0.85703125 0.6 0.02109375 0.021875
0 0.10859375 0.30234375 0.0171875 0.0265625
0 0.596875 0.26015625 0.01328125 0.0171875
0 0.51171875 0.24375 0.01015625 0.0109375
0 0.51015625 0.25703125 0.0171875 0.01875
0 0.62578125 0.37890625 0.01328125 0.02109375
0 0.58515625 0.3390625 0.01875 0.02890625
0 0.19921875 0.278125 0.01171875 0.0125
0 0.8828125 0.084375 0.0078125 0.0109375
0 0.96796875 0.48515625 0.0171875 0.0109375
0 0.41328125 0.80546875 0.01171875 0.0109375
0 0.40625 0.94609375 0.01015625 0.01875
0 0.47578125 0.928125 0.0109375 0.01484375
0 0.3125 0.5796875 0.01015625 0.01015625