0 0.5430044669568257 0.690996355994283 0.09262785178688589 0.09738504091140214
0 0.7719199872227808 0.8120628409283519 0.037338173916276675 0.03836370071863584
0 0.7891910588578799 0.7587618630580453 0.0487850098858317 0.05207765311126415
0 0.7255357826604258 0.6280397966689648 0.051400673916276673 0.039924496652015404
0 0.23174065619614156 0.7629964083784365 0.04684050790866543 0.04252923134088889
0 0.23618146399107626 0.6429431890006894 0.019450336958138338 0.01926856124450573
0 0.20046277577752464 0.9306225750042373 0.07110567885919253 0.06544305789652113
0 0.14478843733651156 0.9003340630410956 0.022893671939110273 0.02742790478525663
0 0.15440351786885925 0.8881800545485362 0.021140170950527094 0.022566983014881005
0 0.28055218239359564 0.89207096794895 0.027644838935304606 0.02951067009638315
0 0.4994573968046014 0.7483804137682064 0.024201503954332716 0.021351326555632256
0 0.7420494620139099 0.6897568426023442 0.02283000494291585 0.02586540478525663
0 0.7356893740671884 0.66727486640603 0.027644838935304606 0.02951067009638315
0 0.7459676408731024 0.7477427643727197 0.027581171939110406 0.027948170096383153
0 0.7329901384016445 0.7346366402097158 0.01619800296574958 0.015796717703754837
0 0.7169088350553341 0.8743962354244591 0.037083505931498985 0.03211370071863584
0 0.6158967747889414 0.9720652659241142 0.02582767095052709 0.02308724832600788