0 0.5613770904219486 0.8044544451997078 0.04491901609154336 0.04102741439185813
0 0.45803393311281104 0.9148589441662505 0.054184755447881726 0.03990156203449331
0 0.6021331303987054 0.7820550603773542 0.025076409654926125 0.024529119106587772
0 0.8965172789057668 0.9211733341558906 0.02049817029858758 0.02587329528527036
0 0.7382784440085743 0.8526672750168813 0.020061127723940864 0.01962329528527036
0 0.9486346059324141 0.17586083415589057 0.06777736188449879 0.05610875889134013
0 0.12879808129089612 0.34381427419282107 0.05363845222957293 0.03208906203449331
0 0.6798760821240754 0.9032451637681763 0.022530563861970342 0.01039384449948173
0 0.9297985805345915 0.6021515064056316 0.025983345792955602 0.015226893713693812
0 0.8558522541873739 0.37062321649704477 0.023404649011264312 0.022893844499481997
0 0.8132659164401901 0.3631531648016337 0.024093063861970167 0.01046661910658786