0 0.155311 0.132353 0.012525 0.016711
0 0.022796 0.233957 0.015030 0.020053
0 0.112725 0.456718 0.015030 0.021725
0 0.518412 0.647727 0.028808 0.033422
0 0.523422 0.586731 0.026303 0.018382
0 0.849574 0.380682 0.018788 0.023396
0 0.879008 0.420789 0.017535 0.020053
0 0.957039 0.700869 0.016283 0.046791
0 0.875877 0.786932 0.018788 0.035094
0 0.757139 0.604612 0.010772 0.010027
0 0.957415 0.763870 0.018537 0.016377
0 0.800225 0.295120 0.010772 0.009358
0 0.713928 0.283422 0.011022 0.011364
0 0.301227 0.631016 0.011273 0.013369
0 0.333542 0.595755 0.005261 0.011029
0 0.090180 0.501170 0.010020 0.011698
0 0.083417 0.509024 0.011022 0.010695