0 0.5386386071160475 0.9527022993660113 0.06882640965492612 0.028528664317009955
0 0.4363780765224445 0.5685417095338364 0.028856973516896468 0.03482528589277152
0 0.3901693480618696 0.6490113821492163 0.026966691585911206 0.03001938672260849
0 0.605039867255506 0.801588240028023 0.03332595222957302 0.03205548340326061
0 0.6963754254174932 0.6925665923077526 0.02518567029858776 0.02677598755244546
0 0.7549966725675017 0.6323618755012317 0.020170388367602498 0.021733290041956364
0 0.854619250175227 0.7653976732168578 0.028419930942249393 0.02857528589277152
0 0.9211190632808928 0.5483034163683806 0.023841691585911207 0.029782588382282427
0 0.7187981845485456 0.2494785205222098 0.028419930942249393 0.028575285892771342
0 0.9784888028893324 0.6162120441679193 0.02674817029858758 0.026894386722608486
0 0.34865310946183586 0.8752079518601665 0.028529191585911207 0.030137785892771517
0 0.26615877564992435 0.48169567281587244 0.05015281930985207 0.050426975104890734