0 0.433818026439992 0.46904200570321264 0.039317030054229284 0.046253238741233105
0 0.3682243218159235 0.3359803793927658 0.031477258976990455 0.04106509099298643
0 0.845851435589933 0.8179822624861594 0.02200226502711473 0.023276813695090225
0 0.6842332004206559 0.95913128932263 0.015715903590796287 0.016626295496493172
0 0.3713741312370111 0.8773866293927657 0.018913626463433086 0.02932655459579152
0 0.04866736338122607 0.7137911921650056 0.025154536104353496 0.02816457279438911
0 0.020546908560765874 0.7127701102713179 0.02987839754067197 0.03471496144333699
0 0.07128777282575471 0.8433180058600961 0.01572499394987581 0.018188795496493528
0 0.8086190803019347 0.7273479680694004 0.026735216822512696 0.03138970234403846
0 0.020642878211948983 0.8635012954964931 0.017287493949875797 0.018288925046142525
0 0.1359784066158583 0.015742520819490936 0.014135222872636976 0.013401165946843891