0 0.18155756796350012 0.22846737848769205 0.04711310217691826 0.056325035660475996
0 0.10159724945184583 0.2122793847399585 0.03428571996293313 0.04563623271965502
0 0.23300353919237757 0.5203193507291615 0.02296627404661713 0.03354915514643668
0 0.04677835171358209 0.5816980812492446 0.03902778366526396 0.04769140882246283
0 0.06181058547151328 0.5217858102928734 0.04371528366526396 0.04818408492527073
0 0.9144494574338793 0.48608217442291013 0.04015377404661713 0.03535563419006547
0 0.9778100969042587 0.6733264003404058 0.021021828130301047 0.02244742977883405
0 0.44543407340579566 0.3846350395097269 0.014608137023308565 0.01710302830842352
0 0.14695691178771586 0.5081619555110175 0.01935020072563942 0.019158204411231596
0 0.1755084977225653 0.5010438748116659 0.019459328130301136 0.022283204411231418
0 0.3438815633238127 0.8869155488881265 0.04705853847458741 0.054762535660476175
0 0.24642620996576808 0.9046943507291616 0.025873019237293703 0.027627605881642127
0 0.16064247738896326 0.8777753181948189 0.019459328130301136 0.022283204411231595
0 0.15466768574951498 0.21630054723844755 0.024365082939624562 0.029025880514039315