0 0.9869813748116659 0.342079289787315 0.026037250376668198 0.10797763605166191
0 0.7345715725939627 0.5546009879923132 0.040043134190065464 0.040108174452321774
0 0.7623258860129691 0.5577116161264162 0.0448948595576681 0.04180706677218957
0 0.4553649536578949 0.6418726336108864 0.04144140882246283 0.03859113855894449
0 0.6521856964790673 0.9785960806287501 0.03396207757321825 0.011892246239076342
0 0.45348793067517656 0.8104096849436699 0.01775992977883405 0.02076714106622681
0 0.4390243032872704 0.7473557554767833 0.0282845073520523 0.03197742570596276
0 0.4257383352717202 0.7775206285963214 0.02244742977883405 0.020903533386094963
0 0.15545863508640795 0.8378887934152246 0.02557242977883405 0.020994461599340042
0 0.23224410935422463 0.7259450713910433 0.02294010588164195 0.025591033386094787
0 0.21683264759094073 0.6762405880840907 0.012415528308423518 0.014380748746358663
0 0.27861699722031624 0.7794505046188535 0.024338380514039314 0.02407399749271768
0 0.4889964477822968 0.40266772961253594 0.03568408492527073 0.043096782132453625