0 0.21135938087572748 0.5552937005708414 0.030515170950527092 0.021522172927693362
0 0.26865327464021727 0.6613726042211627 0.024201503954332716 0.019705004942915848
0 0.00836696243383937 0.3681133300380561 0.01673392486767874 0.026273339923887827
0 0.044049794449061805 0.18227398912558507 0.02283000494291587 0.02432883794672147
0 0.11432119068500954 0.2761248068063515 0.09129084486680368 0.058316518783080265
0 0.0409540389746733 0.6027947361598356 0.011574169961943914 0.016070668973360826
0 0.06495261308123033 0.6454942307226281 0.017824169961943914 0.016325336958138335
0 0.02338719559074436 0.6510876561217794 0.027262836958138303 0.018269838935304605
0 0.0035275886695683386 0.3478326635361533 0.007055177339136677 0.008321835969555113
0 0.016529630912908523 0.16857624505708413 0.01945033695813831 0.017951503954332714
0 0.13191720897379827 0.18883305384060195 0.016007001977166358 0.010011669961943914
0 0.18791663331000436 0.9392057855518132 0.027517504942915848 0.024519838935304607