0 0.375250 0.793529 0.070000 0.078386
0 0.486500 0.878586 0.030000 0.035023
0 0.484000 0.928620 0.047500 0.051701
0 0.054000 0.213976 0.035000 0.046698
0 0.502474 0.252095 0.016667 0.020152
0 0.360286 0.268078 0.011458 0.017373
0 0.404036 0.363281 0.018750 0.018763
0 0.210000 0.793585 0.021875 0.018763
0 0.024062 0.950982 0.037500 0.034745
0 0.232917 0.931525 0.017708 0.015288
0 0.404193 0.932567 0.014062 0.011813
0 0.398442 0.918306 0.015064 0.014112
0 0.565176 0.793671 0.011538 0.014967
0 0.251947 0.480112 0.007372 0.015395
0 0.975449 0.365752 0.019872 0.019244
0 0.903974 0.380933 0.013462 0.017105
0 0.906218 0.394403 0.021795 0.010691
0 0.875769 0.458121 0.017949 0.021809
0 0.951410 0.223167 0.014744 0.014540
0 0.275080 0.735940 0.008974 0.009836